10000
9.851157
9.834778
9.782581
9.812407
9.761948
9.796141
9.769924
9.749735
9.728036
9.620692
9.5799675
9.557977
9.542399
9.457873
9.483265
9.416362
9.4359665
9.337927
9.245489
9.212647
9.223409
9.2529335
9.1297245
9.02201
9.120209
9.086435
9.110316
9.016144
8.935705
8.921918
8.812957
8.815247
8.709954
8.710603
8.612633
8.611833
8.503711
8.385319
8.297808
8.352645
8.370899
8.200465
8.099701
8.055516
8.045297
7.8912616
7.7724886
7.814771
7.6156836
7.5389733
7.27506
7.494087
7.3266006
7.1528788
7.0724583
7.0072765
6.989934
6.853142
6.9441643
6.955122
7.0372376
7.003435
6.9390793
6.7843533
6.945064
6.848225
6.8268347
6.851314
6.888849
6.9573708
6.9361305
7.007555
6.9577312
6.9482026
6.9973283
6.978162
7.1082134
6.9913187
7.0608926
6.798137
7.050468
6.8969874
6.97898
6.8521566
7.004363
6.845365
6.902972
7.0265307
6.95755
6.9584875
6.9730015
7.2314415
7.405398
7.3997717
7.4906983
7.5625873
7.58782
7.834758
7.949039
8.242767
8.15942
8.207592
8.18202
8.038663
8.088061
8.238548
8.300398
8.274786
8.231149
8.5026655
8.4023285
8.329925
8.299671
8.227026
8.177334
8.122067
8.115601
8.192235
8.135288
8.112395
8.052787
7.974388
7.910962
8.049896
7.9818935
7.9754505
7.9833803
7.904199
7.8551946
7.7808137
7.748376
7.6529536
7.5956845
7.6487966
7.562976
7.5862412
7.5042434
7.6164613
7.560086
7.5631704
7.6093383
7.5907764
7.5502944
7.5667057
7.50043
7.580286
7.528423
7.5580277
7.609452
7.5432653
7.5035443
7.6096635
7.4937477
7.495069
7.4167924
7.4121523
7.393693
7.4152102
7.280919
7.3273225
7.3724556
7.336852
7.29958
7.393521
7.321152
7.261206
7.2610703
7.340755
7.354307
7.3380146
7.371765
7.398925
7.5085692
7.538281
7.318184
7.3886943
7.3032074
7.273676
7.316763
7.2657437
7.16674
7.1271806
7.114255
7.1241364
7.033369
7.1051016
7.102649
7.0871644
7.121425
7.012435
7.185807
7.050634
7.018714
6.9175944
6.871844
6.794263
6.7783675
6.673869
6.529513
6.885118
6.598234
6.696666
6.5557237
6.5695453
6.5589194
6.365027
6.3668714
6.4126425
6.387535
6.251512
6.3362145
6.255637
6.5286613
6.431981
6.5967426
6.223612
6.461966
6.6041603
6.6277213
6.69487
6.503499
6.6585116
6.532675
6.8279066
6.696993
6.7250032
6.485058
6.7944818
6.5923834
6.772736
6.734499
6.6922913
6.658498
6.6734233
6.7085705
6.6976924
6.6277785
6.5603466
6.672038
6.7050962
6.5682893
6.6425233
6.454475
6.7423654
6.6346965
6.850443
6.47752
6.8606787
6.7910047
6.733431
6.7401924
6.366411
6.659003
6.5492454
6.55553
6.505159
6.603063
6.5631003
6.7550755
6.7437496
6.5556273
6.5062637
6.6863866
6.614373
6.7168665
6.6366267
6.595016
6.7601714
6.7902374
6.632112
6.701193
6.6818094
6.633862
6.5693197
6.6790752
6.4680786
6.616704
6.8186226
6.6834283
6.58414
6.732234
6.7244625
6.6647696
6.646618
6.5365095
6.6344666
6.5119987
6.7011805
6.692741
6.608188
6.561343
6.568237
6.4549656
6.439651
6.636955
6.281983
6.429135
6.507188
6.317813
6.4280024
6.2584968
6.3437066
6.451201
6.158106
6.3111696
6.180123
6.5182376
6.4248276
6.426126
6.380329
6.4059706
6.5189795
6.473986
6.3786883
6.536478
6.5990553
6.6089582
6.2312565
6.677665
6.4755163
6.5621076
6.4543095
6.562218
6.368634
6.616481
6.5516524
6.536048
6.4560165
6.506264
6.441697
6.5468264
6.359852
6.5755258
6.286806
6.5208993
6.305802
6.519129
6.528491
6.356473
6.404457
6.4281135
6.5021687
6.4454756
6.3732567
6.288157
6.287948
6.359145
6.379866
6.367899
6.3125176
6.438955
6.351496
6.355636
6.200258
6.467165
6.458397
6.494075
6.537854
6.6110187
6.519661
6.5245457
6.5961437
6.596654
6.6742225
6.921775
6.8479033
6.874316
6.814506
6.8872304
6.860381
6.845898
6.8879457
6.911018
6.9418464
7.1262307
6.94433
7.1158953
6.947309
7.013179
6.857555
6.9052787
6.9326196
6.954956
6.836425
6.79792
6.913931
6.9661045
6.850087
6.891146
6.8022356
6.8075504
6.800091
6.704023
6.680076
6.5885124
6.6320524
6.763162
6.7644463
6.702667
6.6751833
6.778768
6.586317
6.6942015
6.6625676
6.663635
6.494964
6.5989203
6.64777
6.5296555
6.5589657
6.6558175
6.5733333
6.6678295
6.7061353
6.7005725
6.7708898
6.7366514
6.6336203
6.6829605
6.651336
6.828001
6.58714
6.7909775
6.6086516
6.6562204
6.658309
6.767258
6.602081
6.645557
6.729913
6.789253
6.6395545
6.797215
6.8951025
6.819359
6.715539
6.63455
6.7005606
7.0111437
6.888396
6.8154545
6.8720365
6.965861
6.829162
6.8885727
6.9413157
7.01118
6.9363623
7.134071
7.024032
6.90044
6.8111477
6.889288
6.907707
6.7172594
6.7968183
6.928897
6.886941
6.882306
6.901621
6.853038
6.9850526
6.7749906
7.014939
6.8165836
6.8422885
6.8968
6.7188816
6.93782
6.7793136
6.6582575
6.90542
6.9250154
6.746269
6.8247733
6.851511
6.84229
7.0558896
6.764367
6.86191
6.8176904
6.9362745
6.7160425
6.934537
6.8192277
6.9558334
6.8980308
6.9711895
6.9677014
6.903748
7.059667
7.0230317
6.9480314
7.0922146
7.0309834
7.1723986
7.2884026
7.006949
7.408148
7.3022923
7.2691956
7.228313
7.3246756
7.1845365
7.279187
7.178813
7.3960705
7.378175
7.454361
7.4154634
7.4337897
7.3434124
7.162588
7.206656
7.1148586
7.34813
7.3887124
7.4046154
7.2389174
7.1461196
7.205417
7.3832636
7.1233172
7.152996
7.1410522
7.1039324
6.9273276
6.989342
6.987208
6.9830804
7.000304
7.0524507
6.995689
7.1565433
6.920126
6.933608
6.925624
6.933293
7.0479183
6.9682703
6.9055867
6.927392
6.9002566
6.9323473
6.9848247
6.9324718
6.9935193
7.012245
6.9159365
6.8771276
6.7838964
6.927506
7.021882
6.960059
6.856817
6.849152
6.8739686
6.8059125
7.0232153
6.9767632
7.1620803
6.985552
7.059443
7.172675
7.117093
7.084349
6.984063
7.05165
7.081868
7.1332135
7.246182
7.253128
7.4447017
7.2477
7.3858786
7.3881135
7.34805
7.3549705
7.306963
7.2952347
7.408436
7.4072
7.324086
7.1349273
7.1402717
7.348748
7.3269506
7.386072
7.3014245
7.352845
7.1397543
7.2568045
7.1803904
7.3840127
7.327612
7.3202333
7.269861
6.9508324
6.82347
7.0647774
7.074809
7.0157166
6.975148
6.999588
6.7916284
6.7020144
6.862444
6.8348694
6.7967577
6.8540974
6.777716
6.7044997
6.8790793
6.88042
6.875442
6.8202205
6.9221573
6.8674254
7.0032454
6.750005
6.886936
6.9590297
6.842773
6.899905
6.931532
7.052377
6.8751826
6.866184
6.81024
6.969327
6.959076
7.0938826
6.851856
7.052303
6.9288344
6.885351
7.163784
7.054287
7.0223374
7.035787
7.2850404
7.2149563
7.3472404
7.067833
7.3212667
7.0774145
7.245022
7.3969755
7.341635
7.5042634
7.410837
7.318
7.410914
7.5765023
7.2993293
7.4687586
7.4612455
7.4309754
7.284835
7.445397
7.517745
7.330957
7.3217373
7.3713083
7.239904
7.24319
7.3046827
7.4003463
7.3827295
7.33042
7.229526
7.231661
7.082559
7.166547
7.1446276
7.0382156
6.853946
6.8653097
6.9836264
6.915747
6.892357
6.8772426
6.888272
6.897445
6.9143105
6.869507
6.801842
6.6990156
6.897426
6.6874037
6.8160243
6.8357525
6.9671483
6.8479085
6.8318367
6.960899
6.790311
6.858701
7.0071497
6.8394146
6.9313555
6.9600916
7.0076737
6.8543425
6.9105406
6.9456778
7.021133
6.9804983
6.858056
6.98686
6.8923717
7.085466
7.0856304
7.00012
7.2122564
6.929256
7.1801353
6.996153
7.229893
7.1912313
7.1744127
7.049987
7.067068
7.081235
7.101837
7.4058037
7.3401284
7.3389397
7.3350754
7.3525176
7.369905
7.4313846
7.1682143
7.216304
7.2842197
7.242713
7.2976875
7.2234974
7.2528696
7.1331673
7.375596
7.0449915
7.176865
7.1144757
7.1324263
7.1960993
7.2424417
7.125434
7.0252953
7.057894
7.209332
6.9709387
7.018927
7.0476446
6.9571314
7.0678763
7.034247
6.8978887
6.890044
6.854301
6.8382225
6.7347007
6.906747
6.786426
6.9848933
6.733715
6.9173717
6.860494
6.8777857
6.868605
7.1750736
7.2007155
7.160557
7.0595903
6.847874
6.5628114
6.4609704
6.6084785
6.605037
6.1914034
6.0069265
5.680377
5.3307505
5.438696
4.7991767
4.709692
4.2944226
3.9282792
3.6073518
3.1826382
3.0970905
2.8753386
2.5287287
2.3166611
1.9922632
2.202218
1.9733882
2.121795
2.4276571
2.1580665
1.8586204
2.0917628
1.9251815
1.8953125
2.253118
2.2767246
2.2906818
2.2916434
2.2293851
2.8226688
2.4301543
2.3081725
2.1822298
2.684016
2.8965886
2.4368944
2.2987604
2.6478941
2.633076
2.2995045
2.3270237
2.8257792
2.8277228
2.7658205
2.4333062
2.7820396
2.7801795
2.9307885
2.1211576
2.7188904
2.770327
2.3678536
2.221072
2.5589452
2.4176173
2.6005056
2.6049764
2.7783637
2.3443484
2.6219873
2.3448029
2.0923755
2.2579894
2.5330803
2.2505565
2.3834128
2.2003474
2.2734113
2.4187517
2.5672252
2.7166185
2.1850336
2.3482718
2.2994504
2.1722825
2.353521
2.2315562
2.4575145
2.5030203
2.4830208
2.4787166
2.1666768
2.8497686
2.6524756
2.6119344
2.1413915
2.4196026
2.6332579
2.1814322
2.4756935
2.4128299
2.6337578
2.2762518
2.4230661
2.593431
2.3838933
2.4928515
2.224911
2.2442162
2.2123368
2.6061342
2.3224132
2.7943769
2.5513163
2.5043142
2.5171916
2.4105003
2.3273203
2.1784565
2.2423208
2.0308185
1.9065347
2.4827588
2.7640786
2.6682231
2.6044974
2.5496335
2.2405653
2.7321873
2.6806414
2.5220537
2.6753185
2.6531367
2.9150271
2.8919418
2.8985124
2.3729594
2.776995
2.6704667
2.6126513
2.0824168
2.1924534
2.5102963
2.4741602
2.2667584
2.3842807
2.171446
2.1609826
2.2647011
2.1632943
2.1411636
2.3636968
2.1910079
2.1679018
2.3826048
2.2598295
2.181071
2.173824
2.2402153
1.9756081
2.1904147
2.2601888
2.2431552
2.257742
2.3827822
2.2332466
2.3542833
2.0668073
2.0068407
2.1016552
2.2615418
2.3004608
2.3604455
2.558146
2.5095775
2.6885498
2.2741458
2.186103
2.123874
2.2352386
2.1695957
2.306593
2.6900995
2.6397378
2.4589715
2.4587102
2.348913
2.107436
2.2063553
2.4163067
2.3398077
2.7242062
2.710915
2.707811
2.495073
2.3141747
2.3752878
2.0472534
2.22469
2.3372858
2.563308
2.5553007
2.342219
2.1977293
2.0856128
1.9392425
1.9077778
1.833198
2.1615934
2.4094577
2.3980014
2.2571054
2.1878538
2.3071053
2.2025971
2.0281866
2.0544856
1.8754206
2.1581154
2.5979426
2.621355
2.6400971
2.670013
2.6414917
2.3846595
2.3606052
2.284079
2.3537612
2.121144
2.5799084
2.7218251
2.661792
2.6784816
2.6051514
2.6377516
2.3217492
2.4491026
2.2624063
2.1846797
2.4821348
2.4115024
2.5502882
2.6885066
2.4595885
2.5769384
2.4950175
2.4394436
2.6561613
2.2836761
1.9721624
2.0378907
2.3440773
2.311896
2.6619508
2.2883224
2.6661901
2.6072748
2.623074
2.1772795
2.055174
2.28257
2.350389
2.4116132
2.4980168
2.571328
2.3375866
2.3611393
2.4458034
2.4636116
2.2793682
2.182252
1.9411149
2.049877
1.9216615
2.4386175
2.5769176
2.2967858
2.5982718
2.3953762
2.6751676
2.3684807
2.203893
2.2456102
2.385311
2.2268867
2.311255
2.5240684
2.4042883
2.1439435
2.323819
2.1092103
1.9952585
2.0275595
1.9965445
2.0382333
2.3429506
2.6809142
2.558528
2.4165506
2.5023923
2.5129843
2.3141162
2.112654
2.067305
1.9109861
2.0225618
2.2922814
2.4607534
2.5079525
2.4488554
2.3925045
2.1165683
2.2423673
2.1742277
1.8614036
2.46473
2.3336408
2.607589
2.4272957
2.2791913
2.1396213
2.1066387
2.0754757
2.225223
2.4825826
2.5295308
2.5317726
2.3067868
2.0950172
2.0066214
2.2921011
2.2699878
2.5095823
2.391417
2.1906116
2.2991655
1.9190551
2.0601854
2.335875
2.453023
2.4574828
2.2661824
2.13824
2.1458805
2.0755808
2.2714317
2.1853962
2.3089192
2.1554246
2.0169613
2.033921
1.8351005
1.9797066
2.2298071
2.570469
2.6477885
2.379947
2.26991
2.416141
2.5190868
2.282276
2.2623496
2.3155403
2.4924242
2.53676
2.435799
2.470695
2.4197416
2.276771
2.519033
2.461179
2.2851639
2.3796623
2.1114893
2.625702
2.3539803
2.4462366
2.3337808
2.1927798
2.470838
2.5110307
2.3526556
2.2491398
2.7373836
2.4117706
2.2971492
2.4905853
2.4177747
2.3411198
2.4759476
2.165525
2.086739
2.2158263
2.2754915
2.3065422
2.2163544
2.2380745
2.547879
2.2574494
2.137322
2.4131713
2.6602418
2.3037844
2.473219
2.2132878
2.32487
2.5784526
2.394416
2.2166846
2.3828807
2.2336295
2.5718558
2.717116
2.6200774
2.5854552
2.814063
2.3543577
2.5684001
2.6222448
2.510448
2.5250742
2.540948
2.5309217
2.416069
2.350646
2.4746149
2.5574138
2.41994
2.203798
2.4025855
2.3221107
2.3996177
2.2789102
2.3170607
2.3978696
2.4169083
2.290299
2.4269485
2.6413229
2.4993753
2.2976053
2.3692515
2.2099853
2.6986701
2.566721
2.4121668
2.4203153
2.2931485
2.3302057
2.5825505
2.5148978
2.3419423
2.2906942
2.5466118
2.2234163
2.4371462
2.654378
2.418164
2.529071
2.4223948
2.3121102
2.4190564
2.6081803
2.6279073
2.4241476
2.732094
2.5560346
2.285735
2.4043882
2.5570672
2.3645296
2.406065
2.4356456
2.2834637
2.141499
2.6559227
2.414985
2.505269
2.2908247
2.2188635
2.2071588
2.3798425
2.676062
2.3813756
2.512107
2.5201533
2.2518072
2.4464595
2.7697976
2.3637483
2.5092287
2.4026735
2.3583448
2.6886811
2.5808177
2.686717
2.7007604
2.6548326
2.6310108
2.752248
2.3697286
2.6565905
3.0489168
2.8398426
2.8067138
2.4845266
2.2115045
2.4260583
2.7567074
2.438476
2.7106645
2.4068267
2.3264875
2.5279026
2.7753234
2.4702246
2.3585978
2.6698642
2.6197238
2.6451528
2.872269
2.6979208
2.289174
2.3646247
2.377478
2.5015726
2.5830739
2.637284
2.5320702
2.5112526
2.430466
2.3848662
2.556645
2.7766435
2.5124292
2.2999077
2.5294163
2.7414443
2.6293426
2.9191206
2.593682
2.3622923
2.581575
2.6709805
2.663889
2.74197
2.9584026
2.3707366
2.6875935
2.873454
2.841381
2.7542446
2.9383016
2.7750387
3.1333094
3.0592208
2.8129663
3.2148576
2.966367
2.7109675
2.7319393
2.7879758
2.7563865
3.007012
3.1406887
2.518923
2.5611672
2.2736626
2.3021355
2.7762508
3.0060847
2.6359653
2.3265882
2.3680887
2.3938274
2.8890977
3.0313277
2.7119648
2.260889
2.2799597
2.3255022
2.6122518
2.8257775
2.7466717
2.2308853
1.9923481
2.1300313
2.1267724
2.220853
2.3378325
2.631532
2.433192
2.6086354
2.6088376
2.3053467
2.3781643
2.4333084
2.569166
2.8134778
2.5657961
2.5382779
2.6649084
2.6116776
2.574575
2.3693712
2.0667603
2.1856763
2.407563
2.3671827
2.686466
2.4623296
2.3118725
2.461723
2.3364067
2.2681477
1.9971733
2.4006286
2.7539556
2.3877573
2.3575563
2.0512824
2.135075
2.5175238
2.4099185
2.5693529
2.2755878
2.2928703
2.5727608
2.3975298
2.2557068
2.0503633
2.482443
2.7283363
2.5844948
2.58752
2.4458985
2.526549
2.792395
2.6151915
2.5315046
2.222622
2.2008102
2.0975947
1.8867245
2.0916471
2.2265084
2.411114
2.2601368
2.0969505
2.0058603
2.3428628
2.419364
2.0773594
2.1721206
1.8672234
1.9501632
2.1440802
2.1507044
2.1642945
2.3979027
1.9618447
1.9702512
2.0466418
1.9890183
2.116887
2.0870166
2.2059572
2.3480897
2.0515583
1.8929296
1.8325853
1.9613103
2.115897
1.8798659
1.8302456
1.7279263
2.2530315
1.9204133
1.8516518
1.7632045
2.2351303
2.0936692
1.95357
2.2047336
2.1248834
2.280987
1.8944821
1.8747708
1.9715441
2.1935165
2.0001466
1.8612092
2.0303793
1.8954057
2.1835437
1.7789255
1.7550168
2.007462
2.2858584
1.8828655
1.8376471
2.0249991
2.2080734
2.2794216
2.2091117
2.138321
2.1169658
2.2871096
2.2834055
1.8723702
2.0814352
2.2739975
2.3942287
2.2675555
1.8619686
2.116715
2.1772597
2.2255297
1.9334735
2.1618264
2.5649717
2.1187577
2.1492982
2.0532105
2.4499404
2.3972845
2.2913144
2.173819
2.2000093
2.5682292
2.4779532
2.2980142
2.1612036
2.270827
2.2375944
2.2004812
2.0726082
2.2860675
2.3773046
2.3666975
2.2688334
2.2375658
2.2805455
2.3358407
2.4516184
2.3172817
2.3523943
2.371029
2.5853975
2.433834
2.4432929
2.2001326
2.4685059
2.3630157
2.3422918
2.4596224
2.4494092
2.235545
2.1436722
2.230283
2.2507622
2.3299034
2.3667223
2.2915993
2.1302197
2.1813698
2.076677
2.4847438
2.8347747
2.9230547
2.6969526
2.5980902
2.1364949
1.7433149
2.013165
2.1427052
1.9837612
1.9252949
1.6974891
1.7453283
1.8810655
1.8966684
2.155729
2.119539
2.0590973
1.8422124
1.9971313
1.9341142
1.7083217
1.6644241
1.9035556
1.8384818
1.9280212
2.171597
2.2154765
2.2046647
2.118964
2.0453966
2.2327092
2.4539778
2.608212
2.6565871
2.7773328
2.8672838
2.6280158
2.3432426
2.219582
2.2984655
2.2491374
2.3819468
2.5396128
2.4300396
2.5143204
2.680117
2.6601152
2.8524497
2.9173775
3.0313046
2.783338
2.9207273
2.8037808
2.5630703
2.6011243
2.8503087
3.0074086
3.0392687
3.098026
2.9352732
2.585806
2.6923838
2.844031
2.835871
2.5611994
2.7233443
2.7348049
2.8129663
2.8427486
3.2086148
3.3217268
3.197624
2.8952696
2.8533227
2.6644216
2.5099905
2.51375
2.2793622
2.2290788
2.4035573
2.3318315
2.4025073
2.7061877
2.530226
2.411122
2.4716668
2.309254
2.4029672
2.0507152
2.1664677
2.2704864
2.2965581
2.4717522
2.607472
2.8447583
2.9362292
3.0007277
3.115544
3.0924015
2.8695974
2.864853
2.680697
2.922014
2.790012
2.844833
3.0240593
3.1418195
3.1469443
3.2343292
2.9227605
2.9917843
2.728909
2.6502554
2.6981895
2.7734234
2.76502
2.8998387
2.862667
2.7802494
2.8507662
2.734585
2.8597925
2.8226113
2.7990017
2.674677
2.6408627
3.1129913
3.132366
3.2504587
3.1834145
3.0705113
3.1685798
2.8146083
2.684555
2.3857203
2.280206
2.0342426
2.3429239
2.4612324
2.4694755
2.6389873
2.6327834
2.7095678
2.6731946
2.695758
2.659327
2.5570269
2.580746
2.50424
2.4723163
2.223705
2.5069869
2.3735614
2.2853315
2.310872
2.279651
2.6208227
2.5976253
2.2666268
2.2233138
2.2778554
2.3066962
2.1416156
2.1764076
2.088178
2.105756
2.1505833
2.2812133
2.1638
2.2128844
2.2114275
2.0179842
1.7625996
2.0080774
1.9454614
1.8059692
1.7510508
1.9359027
2.0721872
2.4181552
2.2592216
2.42585
2.3871272
2.4616477
2.6493015
2.788009
2.7575002
2.7197528
2.5110915
2.363108
2.2396443
2.0598335
2.2827258
1.6404078
1.7796544
1.812961
2.0626543
1.954604
1.9935566
2.0365133
2.2055755
1.8969936
1.8799382
2.1491182
2.0793
2.3313754
2.3434436
2.2769806
2.5541523
2.3561885
2.3771648
2.3216765
2.3375187
2.687709
2.3636796
2.3437057
2.4631674
2.4246182
2.592114
2.8038294
2.5840118
2.560686
2.5711732
2.8798347
2.5241544
1.9756608
2.0979712
2.094725
1.9419338
2.0652547
1.8811834
1.9676582
1.761672
1.4858574
1.4876807
1.4249287
1.4280682
1.2698356
1.2596265
1.6839736
2.3385696
2.5589745
2.5288403
2.4722362
2.5290718
2.3862143
2.3561845
2.3527703
2.2743192
2.4602425
2.7453587
2.500103
2.3188784
2.3939953
2.4423375
2.2117584
2.283468
2.2226508
1.8339072
2.0308692
2.0971372
1.8246676
1.7767019
1.7782165
1.8967563
1.7281141
1.8705832
2.3346002
2.082376
2.1398869
2.0543091
2.0301604
1.9222791
1.9855353
2.1040936
2.1374125
2.3839452
2.439539
2.3563445
2.2604082
2.3630795
2.424502
2.4195976
2.488771
2.5501337
2.3354688
2.0464554
1.6485965
1.6761534
1.3281217
1.548951
1.1561849
1.341236
1.5725085
2.3071713
2.2474687
2.2203846
2.4100242
2.2894223
2.1428127
2.0684855
2.1266484
2.32702
2.4833777
2.3291857
2.5402272
2.382068
2.0053816
1.9916695
2.0307693
2.2742143
3.099725
3.1891205
3.3645983
3.195146
3.297598
2.7486079
3.0859694
2.9821272
2.8968258
2.8552375
2.5672374
2.5726142
2.548668
2.4725685
2.4661577
2.5069625
2.5462382
2.4728372
2.4981124
2.2781174
2.1149209
2.271361
2.435022
2.63403
2.7155163
2.5769238
2.2685611
2.1558905
2.1446967
