10000
8.855922
8.894512
8.842521
8.898583
8.876286
8.818626
8.89762
8.863001
8.824472
8.865949
9.01969
9.002464
9.009518
9.023272
9.07029
8.941664
8.815351
8.837642
8.878675
8.88703
8.894767
8.9728
9.032057
9.059425
9.097414
9.073167
9.134819
9.136285
9.157344
9.156429
9.135526
9.14305
9.054921
9.0074415
8.942013
8.96403
8.935312
9.023961
9.007775
9.043787
9.060872
9.128092
9.135683
9.127198
9.068708
9.13967
9.1320305
9.063197
9.007681
8.935921
8.905511
8.902409
8.9629
9.055138
9.091387
9.189308
9.191885
9.193497
9.202225
9.152615
9.094906
9.039879
8.985242
8.96891
8.978764
9.04855
9.022438
9.0541525
9.029923
9.042379
9.002445
9.062572
9.027537
9.06215
9.045864
8.99934
8.993867
8.949213
8.966643
8.931812
8.784893
8.762948
8.77006
8.80594
8.76064
8.78347
8.860588
8.82936
8.874769
8.789043
8.877867
8.87334
8.934479
8.881407
8.9131155
8.911785
8.921
8.942307
8.851838
8.837884
8.839068
8.809999
8.795853
8.81939
8.821535
8.810511
8.814108
8.868134
8.783407
8.867222
8.8278475
8.930557
8.887421
8.870687
8.860888
8.851773
8.871667
8.858447
8.9201975
8.942305
8.813357
8.876252
8.816067
8.83999
8.915869
8.827249
8.840474
8.835613
8.828821
8.899777
8.851954
8.940508
8.922425
8.918557
8.873623
8.837206
8.853267
8.8102045
8.86885
8.891912
8.970717
8.925597
8.89366
8.827143
8.850308
8.750451
8.778225
8.734157
8.719466
8.709315
8.6986885
8.759749
8.669937
8.800428
8.712624
8.770992
8.724007
8.685207
8.6065
8.546882
8.493809
8.411872
8.416223
8.42083
8.610731
8.5649605
8.521003
8.507267
8.448584
8.350364
8.282485
8.249126
8.124138
8.148712
8.001346
8.026134
7.896625
7.8699174
7.757573
7.6591406
7.3286204
7.11493
6.7846174
6.443974
6.0312386
5.4215636
4.9192867
4.4075217
4.3603024
4.5124464
4.6983047
5.1281033
5.3225226
5.5718417
5.6679897
5.824251
6.21927
6.443816
6.6429505
6.8984566
6.958254
7.1437073
7.292518
7.362841
7.5405393
7.5442467
7.4792466
7.4819245
7.622671
7.6672187
7.8574424
8.070499
8.109891
8.038741
8.104215
8.1404295
8.069611
8.074015
7.9273267
8.003821
7.8790035
7.9084597
7.9263415
7.9384537
7.9115353
7.9737034
7.982508
7.995864
7.974394
8.026903
7.956469
8.104617
7.9472036
8.071243
8.001017
8.0054035
7.9766784
8.0663595
8.088189
8.053691
8.025619
7.995413
8.107668
8.072355
8.101854
7.998179
8.042205
7.978233
7.9795537
7.995166
8.0031
8.015841
7.950196
8.071554
8.103019
8.092519
8.0969305
8.108933
8.110267
8.1080675
8.245984
8.237893
8.238523
8.260465
8.254384
8.266077
8.272643
8.26152
8.279907
8.251513
8.300955
8.355309
8.347108
8.350719
8.313886
8.350565
8.320008
8.354041
8.3103075
8.325342
8.316657
8.317625
8.333618
8.342084
8.332293
8.362802
8.358385
8.396673
8.312077
8.37899
8.421552
8.466286
8.535162
8.483925
8.503567
8.426234
8.351416
8.282132
8.37467
8.380854
8.467216
8.454298
8.487345
8.476198
8.493469
8.503534
8.480702
8.474658
8.468162
8.452571
8.457878
8.48374
8.481249
8.44989
8.479874
8.473794
8.449306
8.438093
8.433669
8.395829
8.351027
8.297215
8.2757015
8.277517
8.2507925
8.337881
8.309273
8.3828945
8.316434
8.382716
8.334604
8.399705
8.423491
8.37755
8.453188
8.412011
8.489685
8.389002
8.41572
8.380842
8.375897
8.365855
8.380179
8.37516
8.408776
8.415035
8.39767
8.437925
8.345156
8.278342
8.398335
8.329412
8.330003
8.255621
8.274443
8.245139
8.266261
8.288401
8.276452
8.305461
8.277032
8.2572975
8.272469
8.253799
8.289535
8.284334
8.260367
8.232658
8.2331705
8.3731165
8.44033
8.514805
8.522311
8.478672
8.472462
8.5050335
8.431751
8.46342
8.452924
8.45942
8.469255
8.417663
8.461777
8.327659
8.3861065
8.285411
8.274435
8.256122
8.259659
8.24089
8.246046
8.235377
8.221654
8.259058
8.204047
8.307543
8.186568
8.295074
8.194452
8.259951
8.2279415
8.255529
8.214081
8.263313
8.187181
8.306018
8.170112
8.320045
8.267186
8.400252
8.256272
8.347899
8.271479
8.296317
8.281221
8.312701
8.298517
8.424081
8.334817
8.376482
8.349456
8.488113
8.357433
8.491138
8.359097
8.410155
8.239448
8.234945
8.044782
8.193406
8.124164
8.314495
8.406898
8.535468
8.445665
8.551677
8.453605
8.556344
8.448187
8.552196
8.403632
8.384788
8.146417
8.185303
8.085984
8.161777
8.11945
8.241137
8.171554
8.347933
8.210203
8.363773
8.184139
8.221519
7.975295
8.038952
8.013894
8.100589
7.9425545
8.028824
7.947422
7.8506265
7.968362
8.009393
7.918501
7.923881
7.917555
7.970429
7.892853
8.011995
8.002457
8.048207
8.003715
8.012585
7.983806
8.130903
8.074686
8.167578
8.221121
8.201488
8.122107
8.079179
8.103347
8.1235695
8.085459
8.0364685
8.121892
8.15969
8.157815
8.121782
8.091718
8.179116
8.242845
8.156992
8.2749195
7.913252
7.861071
7.6440735
7.478129
7.5016
7.360934
7.0942507
7.1241074
7.0982313
7.029148
7.026492
6.968818
6.827387
6.6628785
6.3310084
6.2491946
6.3901834
6.211235
6.057828
5.793625
5.5139055
5.218011
5.2349515
5.052658
4.852097
5.140873
4.6752114
4.6127663
5.0102797
5.21236
5.757101
5.4743123
5.2522883
5.1220593
5.055414
5.4953246
5.467792
5.4251494
5.000244
4.4940033
4.8358173
5.3370447
5.4011025
5.0775013
5.3170943
4.785976
4.7225246
4.969938
5.0349603
4.992183
4.7791557
3.988748
4.3111496
4.3184476
3.9966004
4.303229
5.1479344
5.263193
6.155926
6.63431
6.825434
7.357342
7.033556
6.4547806
6.0630937
5.4052553
5.1582694
5.0538774
6.357192
6.9904156
7.9891973
7.5137715
6.825984
7.2497263
5.900285
6.7271214
6.6655564
7.360069
7.3760076
6.8887134
6.9654512
7.205664
6.6461987
6.8273053
7.1376414
7.6894712
8.048393
7.7374573
7.7923117
7.821453
7.608072
6.4934077
7.3015747
7.5671835
7.4679685
7.6199064
7.2409935
6.8632965
5.984112
4.6449347
3.677604
4.2195344
3.6134973
3.030922
3.6480572
3.4520712
3.3242495
3.3541274
3.2945218
3.3873105
3.5735555
3.7131062
3.584059
3.3743153
3.6686685
3.568338
3.5547132
3.9489143
4.0627255
3.9283113
4.0456843
4.1488714
4.170154
3.8991709
3.615479
3.6292279
3.3403351
3.2625473
3.237508
3.2724025
3.1736817
3.3029892
3.1983113
3.2150297
3.3988814
3.4723904
3.577412
3.5405645
3.1212234
3.0881155
2.7676902
2.8526933
2.9591367
2.8129346
2.7222826
2.7622657
2.752359
2.8410668
2.7876344
2.9428685
3.1840267
2.9750278
2.3071134
2.1274729
2.477011
2.678309
2.8426847
2.723349
2.9381173
2.8024309
2.9682398
3.4153023
3.792284
4.02324
4.0980706
4.036905
3.9358175
3.6034381
3.3836944
3.4549863
3.3814685
3.3771756
3.310468
3.4037979
3.1975832
3.3503075
3.4532967
3.5162292
3.73942
3.6938725
3.8435786
3.8548558
3.753653
4.017178
3.9135401
3.5040052
3.420583
3.3958585
3.4166663
3.1682045
3.1463547
3.279698
3.1756113
3.1108346
3.1386907
3.104884
3.111382
3.1552348
3.12876
3.144671
3.1832795
3.0976274
3.1943996
3.121623
3.11858
3.1674235
3.034154
3.2486215
3.1963873
3.1537993
3.0633762
3.0777845
3.2616854
3.078386
3.1022296
2.975324
3.0015442
2.9002774
3.0798013
2.933245
3.0079753
2.929311
2.871482
2.8823726
3.0053215
2.882088
2.6542718
2.7339387
2.8726313
3.1346254
2.7384915
2.6160436
2.7013483
2.9417279
2.7733302
4.4287634
3.306131
2.1794646
2.128237
2.4486878
2.9046679
2.8722875
3.0289621
2.456818
2.4367082
2.8490963
2.834298
2.4896724
2.3296578
2.3629801
2.248374
2.6001923
2.8236887
2.9792933
3.2024064
3.197287
3.0556464
2.6774619
2.2639694
2.1351502
2.1603649
2.1027126
2.1642733
2.2320933
2.2479281
2.1927862
2.2081943
2.1239145
2.0694442
2.1210725
2.1982725
2.291659
2.1725197
2.3463192
2.1744778
2.211241
1.9702916
1.9022313
1.884994
1.8233387
1.8697046
1.9414399
1.865705
2.0558312
2.0489721
2.0195727
2.1038997
2.0469
2.1437047
2.116827
2.0613992
2.0850272
2.3151991
2.2551086
2.3485837
2.3592699
2.35643
2.3804855
2.4474106
2.3230157
2.4844453
2.3616629
2.431491
2.3134131
2.4312208
2.337009
2.4364877
2.3627982
2.443921
2.2867033
2.2917933
2.3921266
2.3690417
2.3573792
2.368972
2.4014304
2.1834652
2.2763128
2.2671175
2.2212713
2.1347945
2.1243503
2.0536969
2.029294
2.0639946
2.018959
1.960156
1.9215224
2.0618577
1.9858408
1.8549057
1.958963
1.8641684
1.9553127
1.9701245
2.0448709
2.093542
2.207486
2.040946
2.0714211
2.001707
2.0618763
1.9886274
2.0676503
2.030356
2.1471236
2.0215788
2.102039
1.9660543
1.9915518
1.9215803
2.0332851
1.919982
1.9781297
1.9116448
1.9687474
1.8799654
1.9741833
1.9061612
1.9248998
1.9443411
1.8794965
1.9505326
1.9565587
1.9445769
1.9460096
1.9325061
1.9768748
1.8967478
1.9374617
1.9030863
1.9803021
1.9261762
1.9364109
1.9639608
1.9518253
1.9787936
1.9323804
1.9427114
1.9287355
1.9346997
1.9682462
1.9206817
1.982665
1.9405642
1.9871988
1.9660572
1.988377
1.9272224
1.9710007
1.9727285
1.9745926
1.9984951
1.9262292
2.002759
1.9022443
1.9973238
1.9591005
1.9929181
2.016521
1.9797714
2.0257409
1.9452214
2.0266306
1.9381081
2.015193
2.004332
2.0402036
1.9869907
1.9825962
1.9844059
1.9313625
2.0231886
1.950618
2.084958
1.980378
2.0666068
2.1059484
2.003531
2.1423109
2.0407693
2.2007225
2.0718672
2.1903334
2.0538483
2.190604
2.1498234
2.2285433
2.1017632
2.2465887
2.1812334
2.1800513
2.254168
2.254586
2.1859677
2.3525162
2.2151275
2.3513768
2.2843297
2.3860302
2.3330238
2.326451
2.3317463
2.3475928
2.339548
2.3761175
2.2933557
2.3611593
2.2898424
2.3679357
2.344263
2.3116734
2.326469
2.3140655
2.3027601
2.3836222
2.2140377
2.295821
2.348806
2.315951
2.2884145
2.503772
2.435935
2.353968
2.5256193
2.4343257
2.4767377
2.3441384
2.2336257
2.2422886
2.3428369
2.2311082
2.270688
2.1931453
2.2936122
2.2665608
2.30007
2.2440639
2.26925
2.1653924
2.3202174
2.198808
2.2450264
2.096154
2.0963492
2.136512
2.2347567
2.1775587
2.3145394
2.4895627
2.7382758
2.821269
3.0636413
3.1282845
3.1408343
3.282104
3.270526
3.1981177
3.0914865
3.0113451
3.1546986
3.6644108
3.67199
2.8471525
2.9759278
2.909112
2.6847832
2.5875237
2.3939693
3.6687272
4.34205
4.306322
3.7626572
3.590268
3.106656
3.0222788
2.9404757
3.1654553
3.1576707
3.1678393
3.224692
3.165075
3.1961439
3.0620565
2.952981
3.0921721
3.0196998
2.8954248
2.8667836
2.8807552
2.8030927
2.8231819
2.750242
2.892758
2.8747766
2.8547564
2.8821337
2.8501966
5.9088774
6.0655804
5.8375087
5.8472004
5.762727
5.726162
5.7908373
5.71147
5.7068295
5.7455955
5.6903863
5.6985083
5.8388605
6.0685287
6.04854
6.0439596
6.234472
6.372282
6.237991
6.2686973
5.7784142
5.679949
5.851603
5.819897
5.5118146
5.3349376
5.029811
5.199983
5.152808
5.335459
5.524482
5.5177016
5.5659585
5.534349
5.67672
5.6494107
5.7325926
5.9230423
6.020267
6.138218
6.4901686
6.6159525
6.503327
6.493427
6.455339
6.413497
6.244919
6.1292524
6.0721498
6.037309
6.0984097
6.212869
6.3987727
6.4648046
6.501795
6.5244226
6.652608
6.785461
6.713031
6.7576823
6.7905703
6.829254
6.8065543
6.803767
6.540794
6.532381
6.471672
6.438301
6.363722
6.374673
6.3657446
6.4730973
6.413512
6.410681
6.404006
6.224747
6.043886
5.8565764
5.8914223
5.886334
5.8882637
5.890906
5.8799562
5.901724
5.832331
5.7710633
5.8189297
5.8481894
5.799065
5.8078065
5.7656784
5.878679
5.8255854
5.886443
5.9650264
5.896855
5.98225
5.883079
5.9453826
5.874431
5.8972445
5.930838
5.894245
5.898089
5.8587813
5.9328713
5.8888845
5.907351
5.903846
5.980091
5.9276557
6.130777
6.0976667
6.0544677
5.9984484
6.0454197
6.283982
6.38019
6.5576935
6.6509385
6.644077
6.7344065
6.665463
6.7821293
6.827902
6.971147
7.0975814
7.1902876
7.2209325
7.1076727
7.1313915
7.1321077
7.2815094
7.0730543
7.1082363
7.00761
7.0261364
7.000473
6.898347
6.851145
6.9481626
6.865512
6.918489
6.9661527
6.962354
6.8861175
6.956325
6.9351254
6.9683557
6.936713
6.8968472
6.9270916
6.8826046
6.9577975
6.937117
6.95477
6.89664
6.966392
6.872211
6.949344
6.9089766
6.9932957
6.908767
7.0170965
6.937052
7.04749
6.9599805
7.01333
6.9391165
7.0125113
6.950396
7.0058002
6.9615946
6.9925356
6.970328
7.0187826
6.991986
7.024575
6.9886494
7.037029
7.067101
7.062632
7.200283
7.065016
7.217259
6.9247227
6.88276
6.799509
6.8918505
6.779584
6.990585
6.6941595
6.9367104
6.7962
6.957502
6.830129
7.0437136
6.90767
7.054908
6.9893246
7.1097794
7.05608
7.121591
7.1506367
7.0625687
7.0531454
6.895681
6.917816
6.9161625
7.047343
7.0439777
6.485762
6.312549
5.927573
5.4240994
5.969714
6.357734
5.8686943
6.039879
6.592534
5.283237
6.2392907
6.414656
6.4137197
6.5980816
6.4959726
6.233196
6.2544904
6.668517
6.619608
6.499401
6.4396067
6.4414887
6.3639646
6.4796295
6.676268
6.635284
6.8702836
7.0073233
6.887599
6.7900395
6.882519
6.853208
6.8167
6.726641
6.785485
6.776618
6.8131795
6.759928
6.75194
6.724744
6.7550697
6.7607102
6.693695
6.6310725
6.7346153
6.6607413
6.7467833
6.6877384
6.5539603
6.5750675
6.6388774
6.553828
6.3714223
6.208817
6.261415
6.260573
6.220475
6.279031
6.4032946
6.610988
6.591552
6.5928383
6.50972
6.4594684
6.553755
6.4694247
6.5044045
6.4300094
6.8311453
6.6772513
6.7650924
6.743424
6.771083
6.7789116
6.8925557
7.111095
7.0406237
6.4339304
6.0562325
5.3675895
3.7649686
3.0385816
2.450873
2.5959299
2.715272
2.4436367
2.4864407
2.9830074
3.6913302
3.6421404
1.6262642
1.7327168
2.1685848
2.941686
3.0734103
3.9726286
3.896177
2.9846756
3.1095693
3.7124603
3.319921
1.758248
2.1832383
1.9235277
1.7637087
1.2599418
1.1296309
1.1997327
1.1588652
1.276985
1.5597645
1.4365473
1.5149994
1.7941415
1.8070238
1.8989189
2.0091312
2.1013508
2.14363
2.0729346
2.2335026
2.0169032
2.0452874
2.0829248
2.1303184
2.0574
2.1369007
2.1202157
2.0226936
1.7728083
1.851498
1.7267487
1.7569159
1.8028471
2.0639622
1.7996879
1.7339616
1.6686109
1.6534609
1.5866069
1.6320391
1.657586
1.6355561
1.6135834
1.6190375
1.5593556
1.6761636
1.5367388
1.5423894
1.5608596
1.5299249
1.5781932
1.4914966
1.5630596
1.6066121
1.4891579
1.4835551
1.4020654
1.3642032
1.4642587
1.3620963
1.2811424
1.3032042
1.3308351
1.4705988
1.323885
1.3711479
1.4676126
1.4216272
1.3706658
1.4164516
1.5157784
1.5556939
1.572261
1.627169
1.5961637
1.6733253
1.6183182
1.629005
1.7619535
1.6802245
1.7369891
1.6246011
1.7661138
1.6537669
1.6890615
1.6334584
1.6791718
1.6831743
1.6904707
1.8083535
1.7583627
1.7635157
1.7475163
1.6741107
1.7198001
1.7749466
1.7123373
1.7307689
1.5866162
1.6397843
1.559086
1.4817151
1.5105281
1.4127533
1.4249473
1.5059363
1.3408582
1.2665148
1.3603882
1.4170069
1.2488282
1.221104
1.3055382
1.2738024
1.4139661
1.3429705
1.4256401
1.6086824
1.6151234
1.4928868
1.610928
1.6815768
1.6690398
1.726111
1.6987653
1.6368794
1.6579251
1.6775213
1.7763851
1.7054163
1.6344508
1.7346098
1.5740315
1.5151038
1.4842134
1.6491162
1.58912
1.43767
1.5701879
1.4414563
1.4754778
4.059274
4.111888
4.3148284
4.371324
4.4848385
4.5359335
4.726612
4.982858
5.0039253
5.1001287
5.103277
5.162528
4.942177
5.0592265
5.02508
4.967421
4.8622656
4.8664746
4.970534
4.9451537
4.9950743
5.1239142
4.8824587
5.011326
4.962815
5.057615
4.8706565
4.968703
4.9126234
4.9485598
4.8286605
4.880897
4.7355037
5.0498657
4.8296747
4.9285398
4.8453712
4.9018774
4.7369323
4.834231
4.695809
4.870709
4.7045083
4.968301
4.747072
5.0431123
4.924384
5.113739
4.9765744
5.0906434
5.0810075
5.0557547
5.0859766
4.9438887
5.01691
4.9261847
4.9503694
4.940793
4.841876
4.8947873
4.875614
4.9871135
4.858438
5.0620284
4.8731074
4.924917
4.8808517
5.060635
4.6818633
4.909972
4.743328
4.712756
4.731603
4.849833
4.740785
4.7575507
4.740265
4.8434167
4.7415295
5.04632
4.8854403
4.9801264
4.96158
5.0380855
4.8864436
5.0215116
4.8597975
5.0844607
5.043641
4.9726815
4.9690757
4.9620748
4.9165344
5.010736
4.9038258
4.8940144
4.751439
4.498642
4.2260237
4.034982
3.6752284
3.4144692
3.0174265
3.0590334
3.2729053
3.9819627
3.7506607
3.2924402
2.8483703
2.581306
2.8059027
3.7098825
2.7665133
2.6856227
2.4268894
2.1917956
2.6687083
4.6042542
4.9045544
5.1052327
4.9686174
4.7475486
4.7369633
4.7786546
4.765742
4.785059
4.8532124
4.826858
4.9479213
4.892406
4.9030204
4.916317
4.8627644
4.854259
4.775601
4.736826
4.6748004
4.7133017
4.7308655
4.6316333
4.681131
4.6273913
4.5795984
4.602035
4.4816394
4.5769925
4.5738144
4.5360603
4.4861803
4.6265044
4.8309584
4.9947147
4.7458897
3.4579816
0.57586616
0.5864963
1.5150633
1.3939196
1.5147674
1.67539
1.3410457
1.4799274
1.3555924
1.7058703
2.10934
2.8137445
2.444923
1.7030758
2.2754958
2.9788196
3.5746286
3.9068053
3.915204
4.421055
3.2821128
1.6096998
1.0042851
