10000
5.1389537
5.1390114
5.0281844
5.2145867
5.1510806
5.1871367
5.1246443
5.1697984
5.1731114
5.1061726
5.0897427
5.103251
5.155036
5.104653
5.1552777
5.140476
5.148151
5.242915
5.266651
5.217108
5.144926
5.091847
5.2687554
5.176708
5.204052
5.261328
5.194299
5.182749
5.240775
5.2119994
5.283025
5.191312
5.2131324
5.2388344
5.142757
5.244167
5.276553
5.1703157
5.231489
5.1707335
5.1801395
5.1907015
5.180414
5.2144885
5.176057
5.190418
5.254502
5.2149687
5.152486
5.2304506
5.2184677
5.2346864
5.0046897
4.9120584
4.833001
4.7444816
4.906385
4.8945203
4.871348
4.758806
4.944052
4.802681
4.701492
4.811504
4.6390066
4.8177166
4.797104
4.8018165
4.873628
4.898211
4.8236666
4.8999987
4.7639914
4.7625027
4.719354
4.707096
4.6524677
4.732885
4.675351
4.6451235
4.7622924
4.7531857
4.58943
4.6719146
4.6372414
4.686332
4.700214
4.6508455
4.657376
4.570576
4.5749326
4.5523705
4.592051
4.641083
4.710833
4.758094
4.6024146
4.464505
4.6133056
4.6815033
4.6322727
4.6066313
4.608025
4.5697746
4.6004744
4.5556145
4.602619
4.7240977
4.6342335
4.6515617
4.604607
4.633505
4.5638695
4.498361
4.6172576
4.331443
4.353465
4.462221
4.298005
4.2111907
4.296643
4.0825787
4.1163106
4.0547714
4.056176
3.9241529
3.945947
3.7996964
3.7706296
3.7462885
3.7736616
3.8100238
3.7388594
3.6843958
3.5156286
3.598468
3.5521567
3.6734765
3.63846
3.5738142
3.6497743
3.576502
3.6936445
3.633219
3.706281
3.6723304
3.616031
3.509237
3.4963305
3.4985783
3.4998243
3.398188
3.461605
3.5018194
3.490835
3.416764
3.3582208
3.3211565
3.1527889
3.2242496
3.0978389
3.2202597
3.102663
3.0483167
3.0891902
3.092555
2.9736903
2.911782
2.7007382
2.6859443
2.566001
2.4196472
2.3036764
2.255056
2.1116548
2.0622249
2.054561
2.0127566
1.997598
2.0416958
1.9665183
2.0453906
2.0523865
1.9719468
1.9282086
1.9844326
2.052329
2.0972583
2.0476863
1.9841661
1.9453626
1.9435847
1.9989421
1.9914843
1.9321829
1.9493805
1.7754892
1.7764956
1.8962929
1.791677
1.7738379
1.6868031
1.7723033
1.6180841
1.4549953
1.2516366
1.1696059
1.1099732
1.1855731
1.2110924
1.2812535
1.106867
1.0191568
1.0928214
1.1713256
1.1343193
1.1429864
1.2441918
1.3319756
1.5082746
1.5851128
1.7640759
1.674121
1.8376898
1.8270276
1.8543888
1.9690108
2.1407206
2.2832167
2.3719783
2.5145404
3.07143
3.0228004
3.0584855
3.052648
3.017068
2.9816818
3.07604
3.0125332
3.0306022
3.0129528
2.984598
3.032898
3.0535755
3.0392761
3.061703
2.9452417
3.051695
3.0287666
3.0308523
3.0185182
2.9573815
2.9969976
3.0607424
3.0012212
3.0082664
3.123833
2.999121
3.0361168
2.9567482
3.1033664
3.0368521
3.0162225
3.0331082
2.9427657
2.986627
2.945913
3.0541046
2.9821765
3.0284839
2.9817922
2.9665627
2.9757922
2.9228234
2.9295473
2.9533494
2.9893236
2.9354398
2.9577284
2.9533765
2.9051075
2.9703476
2.9364402
2.9999242
2.982932
3.0215259
3.008903
2.9913895
3.0001266
3.102602
2.9270878
3.0139961
3.1091154
3.132546
3.1000025
3.0383892
3.0502458
3.1028445
3.0999732
3.0401497
3.1214936
3.0437493
3.0927818
2.986318
3.0555947
3.0493705
2.9577668
2.9470067
3.0370157
3.004801
2.9561203
2.9906657
3.0692964
2.9543777
3.0031934
2.8886833
2.8440533
3.0126824
2.9608455
2.9135447
2.891735
3.0061657
3.038651
2.9007604
2.9029167
2.9292698
2.8764832
2.975589
2.884248
2.9409604
2.9536994
2.9408057
2.977106
3.0483506
2.953753
2.916877
2.939326
2.920943
2.8646188
2.9453087
2.9447358
2.9160712
2.8770118
2.87183
2.9392033
2.9617739
2.98192
2.950597
2.9889932
2.9548252
2.9955175
2.8976734
2.9912102
2.9305284
2.9197373
2.9360762
2.962009
2.954463
2.982772
2.9750414
2.9005475
2.913184
2.9454725
2.845714
2.8862224
2.8609598
2.8767662
2.8371055
2.8246887
2.8081243
2.9219778
2.762329
2.814381
2.7815907
2.9214103
2.9174356
2.8203363
2.8851042
2.8313932
2.9189105
2.9743705
2.9460247
2.896637
2.9273176
2.9197037
2.957928
3.0225053
2.98803
2.9702063
2.975241
2.9832714
3.0593786
3.090472
2.5177865
2.1254554
2.1167376
2.267248
2.2775197
2.6019049
2.6356144
2.6047938
2.9087641
3.0918202
2.6751797
2.6036456
2.4346123
2.5543005
2.573118
2.4307103
2.532244
2.4572964
2.9986846
3.1289935
3.1465166
3.1933312
3.1488612
3.1204786
3.0920997
3.1614108
3.0881736
3.126522
3.0952682
3.0804217
2.1539638
2.3520973
1.91215
1.9564077
2.0679219
1.9305041
1.959607
1.9875834
1.746114
1.9225599
2.1043146
2.18993
2.1213393
2.2976775
2.6824627
2.7963965
2.734277
2.8654091
3.1020463
3.3889813
3.4357276
3.5354934
2.124661
2.2352984
2.9126096
2.899947
2.839938
2.931143
2.2564166
2.1867566
3.0156658
4.3483467
4.4061356
4.392457
4.3500996
4.3131275
4.3254356
4.042052
4.151191
4.216585
4.263189
4.3777227
4.3511853
4.4574723
4.5326095
4.586765
4.607529
4.5117264
4.4607058
4.6679573
4.646509
4.6931005
4.7257757
4.722196
4.7003655
4.8022304
4.7939224
4.9036684
4.9108725
4.813276
4.872707
4.7821913
4.768845
4.819268
4.808933
4.7740297
4.836937
4.802654
4.75768
4.8458138
4.854985
4.833956
4.7634373
4.832245
4.8485975
4.6962304
4.8597145
4.742654
4.7173166
4.694442
4.691329
4.721968
4.7954893
4.6817493
4.813803
4.6514554
4.7750382
4.6849947
4.770489
4.700601
4.6790147
4.672191
4.6798825
4.7005253
4.6858726
4.702798
4.823139
4.7065616
4.7147098
4.519037
4.4928017
4.3386674
4.264358
4.006796
3.984467
3.5760696
3.3430207
3.4419727
3.7078006
3.6925938
3.8457832
3.9284382
4.2684755
4.535845
4.6067877
4.522008
4.5261607
4.558038
4.2658095
4.373267
4.562758
4.466952
4.5412273
4.489132
4.548275
4.2779036
3.9767017
4.157554
4.006189
3.9560645
4.045024
4.145922
4.1177483
4.2042875
4.3180184
4.480267
4.5547237
4.619611
4.6102233
4.6991334
4.5922623
4.6431203
4.647489
4.638312
4.617738
4.632744
4.6131463
4.610584
4.6182885
4.6287107
4.6792727
4.62134
4.669898
4.6330495
4.659173
4.6719446
4.6966553
4.70245
4.7023864
4.6565437
4.685183
4.631958
4.589724
4.671619
4.5800977
4.6136765
4.61508
4.618229
4.616822
4.639
4.657429
4.6385837
4.618298
4.631679
4.651915
4.642886
4.632386
4.531146
4.5031185
4.42574
4.443618
4.6236663
4.5891094
4.688477
4.559564
4.521322
4.3800793
4.550895
4.386267
4.4270554
4.3847613
4.414178
4.4082084
4.3923197
4.248289
4.0935187
3.9701166
3.891364
3.7552068
3.7996855
4.036889
4.2040386
4.231982
4.1044207
4.0261436
4.1504507
4.1404033
4.2217255
4.2032104
4.301639
4.2455926
4.197098
4.123723
4.0095143
3.7575324
3.690306
3.8711631
4.053745
4.188017
4.0676274
3.8725579
3.850291
4.002558
3.9349072
3.5401888
3.5965257
3.7368927
3.7043033
3.8756073
3.3939435
2.989147
2.9429235
3.0901608
3.1967187
3.2913723
3.2348785
3.2852118
3.347325
3.3310874
3.3308747
3.292509
3.3210495
3.2770133
3.2940207
3.2364552
3.257949
3.3096251
3.316089
3.274877
3.2139795
3.2405143
3.2729375
3.2638998
3.3063247
3.2582653
3.3034997
3.290255
3.2774239
3.29523
3.291363
3.301615
3.3109264
3.3824613
3.3264673
3.3435807
3.3563857
3.3466446
3.3324234
3.338323
3.3521829
3.3437033
3.3091881
3.3071723
3.3040795
3.327917
3.3271456
3.2870016
3.330319
3.3342006
3.3075476
3.3377256
3.3063953
3.4588413
3.6046572
3.6733308
3.526756
3.4041162
3.2032146
3.0137537
3.2764006
3.6925523
3.5275898
3.3240957
2.905522
2.472304
1.9960304
2.1133347
2.3166203
2.4072216
2.4332113
2.471411
2.5488157
2.5451581
2.4804938
2.4753728
2.4596345
2.6758244
2.7319236
2.7154326
2.6255946
2.6479113
2.607234
2.475331
2.3748436
2.360296
2.5212066
2.5236542
2.469478
2.3836722
2.3684638
2.3304682
2.3458087
2.3584828
2.3843603
2.4625244
2.4848168
2.537221
2.5716066
2.5998964
2.581388
2.2036262
2.1031945
2.1158953
1.9946021
2.1474407
2.9494648
2.9880173
3.0260782
3.050422
3.040596
2.9679413
2.961329
2.9604516
2.9106376
2.8466828
2.8239393
2.7570813
2.7153096
2.7381399
2.7869182
2.7876227
2.8793762
2.9095812
2.881056
2.9311955
2.693724
2.2741299
2.1500273
1.9733264
2.0146725
2.0953462
2.1223004
2.190186
2.1160197
2.2514772
2.2893596
2.1462162
2.1736639
2.2754922
2.2159684
2.300527
2.4158742
2.3938992
2.2771666
2.3301058
2.373849
2.438525
2.696224
2.6232448
2.6011643
2.4989836
2.5832324
2.6112852
2.3744478
2.336388
2.164118
2.2179163
1.711247
1.7912217
2.1195142
2.357346
2.2853422
2.3966148
2.2966847
2.2595985
2.4308128
2.339601
2.4610577
2.3846965
2.6228056
2.5564222
2.564658
2.5321167
2.8359897
2.8114653
2.807132
2.8681176
2.922788
2.9209135
3.018258
2.9665883
2.957458
2.9754755
3.082423
2.988915
2.924079
2.6682234
2.5191205
2.4095504
2.5080297
2.394915
2.364179
2.333122
2.3791184
2.3188665
2.5160294
2.4183621
2.453711
2.3276608
2.3692389
2.3840208
2.3941948
2.419562
2.3052516
2.416979
2.3361301
2.3071795
2.0150738
2.156551
2.181614
2.072125
2.0368013
2.1830964
2.266328
2.4429767
2.6444056
2.5271428
2.5986962
2.7212338
2.687819
2.6235063
2.6095307
2.3255684
1.9453562
2.0341794
2.171664
2.205039
2.402809
2.4172845
2.31754
2.316947
2.439436
2.308038
2.5332766
2.4260361
2.6098323
2.420074
2.0599756
2.335226
2.6715777
2.5285618
3.0043237
3.1200695
2.995758
2.714206
2.3160937
2.2805102
2.2881145
2.406276
2.2888508
2.2004457
2.3701947
2.6344883
3.0138247
2.999909
2.6106865
2.1236305
1.9982232
2.0209928
1.8232566
2.5374527
2.7442029
2.688995
2.5865965
2.610847
2.813213
2.9347138
2.7297099
2.5204546
2.3472066
2.0549014
2.8329608
2.8044128
2.8676438
2.8120797
2.679475
2.626237
2.7455409
2.8230557
2.7420092
2.540115
2.4058502
2.9178474
2.9669313
2.9244308
2.871825
2.7925844
2.771825
2.9806466
2.9797068
2.568305
2.3232994
1.9834224
2.5941303
2.735232
2.8400922
2.4767733
2.3876858
2.2407959
2.6466482
2.40619
2.4135697
2.1965146
2.1191301
2.1459143
2.2533002
2.021572
2.2087848
2.406742
2.7862296
2.4827302
2.5475416
2.243509
2.614971
2.6146128
2.1987872
2.5842369
2.7055023
2.701487
2.920657
2.8765433
2.7359543
2.090748
2.0620484
2.328121
2.6415486
2.61731
2.5186615
2.7056172
2.639844
2.6461072
2.715806
2.6454246
3.0370698
2.9836533
3.0435576
2.3633657
2.1671126
2.4686053
2.5417945
2.8031359
2.7244585
3.2062528
2.4863045
2.4110646
2.3296254
2.6006799
2.7969096
2.2602346
1.965795
2.0471756
2.063068
2.0951157
2.1703737
2.1981173
2.120586
2.4330027
1.7298341
1.7772342
3.1345096
2.6095815
2.5616484
2.4868937
2.3792825
2.1428227
1.6733774
1.9085417
2.0584965
2.0214446
2.0842633
2.3195407
2.2364736
2.2327902
2.5166452
2.2673156
2.015153
2.5630448
2.3340333
2.6450646
2.6752484
2.6340718
2.7292569
2.3310435
2.851036
2.4423149
2.853372
3.1765926
2.902675
2.5556095
2.5637798
2.5948894
2.8266184
2.2053928
1.9255948
2.0776534
2.1227133
2.0759404
2.401414
2.409718
2.2013056
2.361149
2.4499848
2.6162155
2.5776143
2.5197935
2.6825235
2.165066
1.9499277
2.2483692
2.130724
1.8739544
2.167493
2.4360256
2.440474
2.1367707
1.9771595
2.1598425
1.8105811
1.9238764
2.1384845
2.0833554
2.3884523
2.3345268
2.1986032
1.6241509
1.8842916
1.8873278
2.2120273
2.0485456
2.485349
2.4773014
2.439137
2.5296686
3.0587206
3.0322857
3.0769577
2.7568495
2.3875115
2.383327
2.4120622
2.5263724
2.5039012
2.5603156
2.5414488
2.419284
2.4943674
2.6456785
1.9529546
1.893377
1.9417357
1.8507991
2.413559
2.5959513
2.9183884
2.8715365
2.8929543
2.8116672
3.0022082
3.1937637
2.2161522
1.9944185
3.2510786
3.3068817
3.1995225
3.4434268
3.0917325
3.1844885
3.174117
3.2140818
3.334543
3.1853583
3.2351737
3.1440098
3.0980012
3.5729675
3.4902282
3.4256043
3.3493931
3.380605
3.1794207
3.3063643
2.9850526
3.0232568
3.0625036
3.0183907
3.0610569
3.1248164
3.1927247
3.0281007
3.268092
3.2610993
3.1060553
3.0509787
2.896594
3.1946547
3.1612995
3.3240666
3.2525556
3.3802185
3.4018543
3.3491378
3.297154
3.169012
3.2299366
3.2149525
3.0553043
3.331803
3.338095
3.2137709
3.271503
3.1819766
3.003871
3.0453482
3.0766742
3.204058
3.3787603
3.2872787
3.0800111
3.0176358
2.9288383
3.0946703
3.246362
3.1710165
3.1919956
3.3117278
3.317459
3.290878
3.2646942
3.2721815
3.3185143
3.3167439
3.2412343
3.2617192
3.338996
3.4019666
3.3926978
3.310914
3.3875473
3.4241433
3.3157222
3.5000849
3.2828932
3.2593262
3.136816
3.1886115
3.0800986
3.2473488
3.2253904
3.2546878
3.245485
3.2751951
3.343859
3.271331
3.3333945
3.3277106
3.3514493
3.3256648
3.5087698
3.3524864
3.2405155
3.4041882
3.4300153
3.5038545
3.3866317
3.2854128
3.5364807
3.2655816
3.3014388
3.174668
3.1746926
3.130165
3.2073083
3.0952456
3.1178496
3.1321723
3.1594768
3.124402
3.126958
3.08538
3.0031745
2.9717038
3.0127466
3.1102018
3.1524076
2.998824
2.9437335
3.0382059
2.9010506
2.968341
3.014202
3.078043
2.9861577
3.1020222
3.1002688
3.098177
3.1545362
3.01615
3.0614777
3.0888305
3.0626469
3.141182
3.124443
3.076892
3.198492
3.5229263
2.1308165
2.4133604
2.572438
2.428758
2.5857065
2.596376
2.8511512
2.679269
1.8651788
2.2118776
2.0670643
2.0828972
2.4628685
2.1386044
2.3108473
2.4202795
2.7893207
2.7521718
2.8328166
3.2776895
3.1681483
3.0290802
2.6632395
2.5902495
2.6038694
2.4862738
2.4522247
1.8707802
1.8311951
1.2523906
1.2743151
2.3898993
2.884262
2.9077058
2.7721386
2.8064055
2.6384544
2.811841
2.4872282
2.3944793
2.3851397
2.1940565
2.8783965
2.8865044
2.7069845
2.820623
2.9539123
3.0495586
2.977195
2.6831458
2.1353827
2.214205
1.8014396
1.1612092
1.6106925
1.8798926
1.9906842
1.7659993
2.0244694
1.872013
1.5169833
1.3292648
1.4870079
2.2134242
1.869409
1.8533012
1.4622468
1.4690472
1.5885367
1.4913669
1.8213903
1.8143649
1.924941
2.0049174
1.824254
2.0272524
1.7646062
1.958307
1.980272
1.8760512
1.9379021
1.7491819
1.7591852
1.6007965
1.636296
2.0581744
2.209699
2.4350765
2.5262327
2.2631938
1.8981577
2.165904
2.1678784
2.2095559
2.1549625
2.1619995
2.1102586
1.7486597
2.5007946
2.2031865
2.318344
2.277279
1.7399695
1.8629277
2.1706529
2.5668457
2.4386506
2.539511
2.2265575
2.2576642
2.1745157
2.3133762
2.4448664
2.4379373
2.3370173
2.336399
2.2194908
2.2463095
2.2349749
2.2306845
2.2373219
2.1985483
2.1927607
2.1851804
2.1038866
2.176637
2.14779
2.1126168
2.0813763
2.1491137
2.1208289
2.3845646
2.279687
2.4254327
2.4047384
2.3762589
2.3778229
2.4462857
2.4163938
2.4109528
2.4889615
2.4057856
2.4024072
2.3946157
2.3548722
2.4292297
2.469912
2.4395258
2.4384258
2.4676166
2.42975
2.5444705
2.4852717
2.4855754
2.4851315
2.4254732
2.3250616
2.4971244
2.1592245
2.1899042
1.8905141
1.8312227
2.452872
2.028752
2.3619952
2.384726
2.4249575
2.4983964
2.5315793
2.571468
2.507035
2.5957196
2.3525178
2.208651
2.0950248
2.3225021
2.5715394
2.7324722
2.7396138
2.7225566
2.6601474
2.5711179
2.456431
2.5188193
2.6157405
2.590318
2.551997
2.5832143
2.2762375
2.078949
2.2584074
2.2777245
2.2534764
2.3270702
1.9518086
1.9370692
1.983912
2.2937014
2.4132912
2.4899108
2.4251387
2.5613735
2.5317276
2.5717793
2.407418
2.4453855
2.4635186
2.4152646
2.490947
2.3487775
2.3823826
2.3702958
1.6662564
1.2912365
1.2902896
1.3880502
1.3031876
1.3510903
1.5005833
1.4498478
1.6752851
1.7883062
1.718005
1.5997356
1.503383
2.1269708
1.5516744
1.819939
1.6730293
1.6596825
1.5501744
1.5912567
1.8332605
1.9268206
1.8949966
2.1905057
2.1987898
2.1782029
2.219699
2.179619
2.1511936
