10000
10.15627
10.058737
10.066947
10.06107
10.025468
10.056309
10.09526
9.983178
9.964521
9.951063
9.89904
9.937575
9.942282
9.9021015
9.966453
9.98101
9.887063
9.866276
9.981468
9.865584
9.987342
10.05577
10.03564
9.864784
9.990884
9.99219
9.990339
10.009919
10.13325
10.224955
10.008642
9.985956
9.848278
9.93181
10.064275
10.105319
10.062928
9.937771
9.763374
9.625546
9.396152
9.150432
8.832918
8.668956
8.269227
7.5345306
6.6511893
5.964369
5.4994907
4.371989
3.6531432
3.8377926
4.078435
3.9861538
4.194169
4.8041816
5.311014
4.3500705
3.5176387
3.947624
4.996762
5.086013
4.8593683
4.0025697
5.37654
4.8946266
5.2017336
5.740306
5.254407
4.316137
4.3600545
2.3352954
2.8107352
2.996777
3.4079456
3.886645
5.31076
4.9523597
3.7902582
3.3135905
3.354815
3.4467323
2.8336155
2.489155
2.4923255
2.269547
2.5095706
2.8769627
3.6202552
3.9582667
3.933408
3.9231486
3.6840615
3.8379831
3.6306906
3.9438488
4.3696613
4.259799
4.326931
3.5158105
2.3906803
2.4747605
1.8333209
1.9181178
1.9268788
1.8519077
2.3540308
3.1110322
3.620115
3.4709113
4.2290006
4.034804
3.8127646
3.9291158
3.506973
4.858901
4.671947
5.1598644
3.9164658
3.9225986
3.6069705
2.9099662
3.8841755
6.260009
4.4596457
2.2171993
3.452945
4.813022
4.0471044
3.7866597
2.789107
4.2048364
5.181404
5.037022
4.074503
3.8263438
3.8032115
5.25709
4.430451
4.2362723
5.2748384
4.6691723
3.7461288
4.6675754
5.0274954
5.5883923
5.1355333
4.0963793
4.7020917
5.9294834
6.212365
6.4810157
6.136862
4.938881
4.209328
5.0294194
5.6103544
7.1774864
6.4754496
5.079567
4.8463025
4.6752844
4.8713093
5.529621
6.5536566
5.8800707
4.84835
3.9471922
4.7392597
4.1974993
3.7938063
4.8272595
4.549603
3.8605201
3.7055333
5.402421
6.3430805
4.9940214
4.988526
5.0446978
4.8612695
4.6667786
4.6196632
4.681015
5.076332
4.8039527
4.1824675
4.1864343
3.8652725
4.156336
4.442232
5.3057404
6.275196
6.884308
5.7477946
4.874501
4.2079268
4.5690837
5.5367517
6.94307
7.0638165
6.752786
5.750019
5.0865207
4.5804353
5.5044255
6.3084893
6.728108
6.1391034
5.9742875
4.218878
3.5660927
3.7899115
5.229141
5.313794
5.2830915
5.1847878
4.668919
4.858705
4.1133456
3.9637022
3.9791238
3.8334582
3.890513
3.9103973
3.2855482
3.6163645
3.3133907
3.449747
3.8929193
3.9466777
4.106687
4.23056
4.0593686
3.9593759
3.8488245
4.16422
4.396041
4.8646894
5.3964815
4.1125193
3.7498176
4.0264497
3.8588588
4.0146
3.9012606
3.338785
2.7044258
2.8765383
4.172502
3.5726538
3.302956
3.6034222
3.6997025
3.7176304
3.4972122
3.7754896
3.1393273
3.5840034
3.8265436
3.342645
2.9945998
3.4739773
3.2353806
3.6700625
3.208189
4.086343
4.275728
4.1597114
4.2166233
3.4224176
3.1954174
3.12655
3.1277585
3.6313362
3.8304183
3.9905193
3.8143413
3.7579763
3.4209943
4.329631
4.4432926
3.7925024
3.6936505
3.6156268
3.7853613
3.003564
3.172306
3.7548468
4.165863
4.7169056
4.8943033
4.1434956
4.4486794
5.1710315
4.741499
4.008146
4.129524
4.4876533
3.4464722
3.315528
3.2392228
2.5083885
2.8272307
3.372611
2.8918142
2.433811
2.787833
4.377167
4.4562693
3.6240215
3.4174817
3.3572452
3.7709117
3.5425773
3.5068865
3.2872424
3.270229
3.0342808
3.0856774
3.4656475
3.520248
3.1624815
3.2500634
3.672173
3.8866866
3.7683337
2.8434708
3.3882804
3.6161547
3.01652
3.051481
3.4542992
2.9259834
2.7489586
3.0291803
2.848784
2.8693178
2.8174772
2.7759752
2.8599963
2.9436994
3.135105
3.2372181
3.5305269
3.4821744
3.4639654
3.6689982
3.8359478
3.8446772
3.7642598
3.1537802
3.028937
3.349372
3.6190765
2.9737961
2.901814
1.8953625
1.6551436
1.7119066
2.4746175
2.8836308
2.4131956
2.4291542
2.3794103
2.7249599
2.3870604
1.5176313
1.4230407
1.4123404
1.3988422
1.3825055
1.3244209
1.4136719
1.4281533
1.3461531
1.5512357
1.4301989
1.3518238
1.4291457
1.3630822
1.347623
1.3766978
1.4287013
1.4215927
1.4343778
1.3913662
1.4031246
1.3691576
1.4140037
1.3078979
1.3783195
1.3346694
1.8049053
1.9705164
1.8899443
2.3053458
1.4611981
1.374789
1.392261
1.4797893
1.5801787
1.5480026
1.539338
1.6183342
1.771549
2.5214834
5.3218513
6.38695
6.298896
6.4850597
5.6702986
3.5882306
3.3259356
2.9946136
1.992476
1.4343098
1.4439436
1.3238347
1.2628387
1.3208184
1.4544352
1.6059045
2.6791143
2.4487116
2.470573
2.813222
3.5913296
3.382293
3.4900632
3.634574
3.5167198
3.0274563
2.5803301
3.5741343
3.8811984
4.016853
4.032111
4.917831
4.704261
4.519369
4.4413605
4.315387
4.0365486
4.898312
4.735869
4.8579044
4.7570324
3.5809224
3.9784746
3.4575586
3.8480027
3.804069
4.1836343
3.813348
5.024022
4.8340025
4.8136387
5.07135
5.2788897
5.4199557
5.198103
5.1017127
5.2614923
4.9674463
4.4300156
3.1479845
3.5480943
3.1578262
2.98261
3.1078682
2.9884899
2.9673152
3.1773934
3.1548097
3.1033614
3.2156467
3.111138
3.107319
3.144716
3.0088706
3.2232172
3.0472343
3.0374577
3.2529337
3.3945644
3.3809187
3.4616485
3.721796
3.6168752
3.20711
3.595916
3.2410684
3.3201218
3.2868538
3.2492015
3.159903
3.3638213
3.3565428
3.3805757
2.643473
3.4186864
5.052966
4.50627
4.4426446
5.01245
4.949621
4.961816
4.6478686
5.0521984
3.1594691
3.947699
2.2631679
2.2672284
1.8860946
0.42301288
0.39331108
0.528887
0.51753134
0.5674804
0.55519074
0.54084307
0.4759417
0.4533024
0.43241507
0.45829597
0.79165936
0.44716772
0.43609685
0.47510362
0.41357985
0.42332602
0.44331434
0.54957545
0.5114258
0.52987057
0.49839103
0.48215815
0.5035706
0.50147057
0.5227137
0.49034852
0.7510828
2.1487362
2.7870352
2.8044477
2.836565
2.8353138
2.7784674
2.8970466
2.893068
2.7273316
2.862056
2.8204758
2.8007708
2.7606666
2.6326332
2.3767672
2.1245375
2.3054361
2.4990597
2.4885726
2.5195234
2.5157757
2.5974064
2.6754167
2.47156
2.6695437
2.9273999
2.7874644
2.2277768
2.11811
2.5234299
2.6061187
2.4417007
2.3446906
2.2457597
2.223653
2.2499459
2.1721013
3.8233128
4.1862364
4.0568905
3.2638278
2.992252
2.8589451
1.9975772
2.5723813
2.3967698
2.2726047
2.7493515
2.6449955
2.889476
2.5583808
2.685275
2.687375
2.70141
3.3982034
3.6845882
3.3180115
3.218748
3.5282388
3.8872843
4.142177
4.1820917
4.10041
4.0561934
4.1547446
3.8342268
3.8675182
3.872026
3.9677126
3.8844106
3.8443573
3.8423629
3.7604094
3.8157108
3.7607965
3.7327042
3.7656162
3.840137
3.9054935
3.7483375
3.6543295
3.7744167
3.8260825
3.7903068
3.933136
3.8237603
3.7801657
3.549025
3.672342
3.503097
3.541128
3.6626873
3.56834
3.4479992
3.635905
3.670999
3.6402843
3.563117
3.7658577
3.5429313
3.771652
3.6109345
3.7055318
3.7815557
3.6054065
3.663189
3.6543086
3.7176218
3.8276446
3.6055841
3.703301
3.639035
3.6046023
3.756509
3.6461704
3.6151652
3.7124646
3.7346277
3.6081345
3.7279625
3.594565
3.619695
3.5695994
3.519634
3.6679776
3.5652437
3.525726
3.437254
3.469213
3.6313314
3.6363127
3.5987718
3.4400363
3.559964
3.4581363
3.6848288
3.6660228
3.7391317
3.761665
3.9922218
4.314339
4.43105
4.3917146
4.445861
4.552644
4.025675
3.803455
3.760921
3.7230136
3.3749707
3.102115
2.941978
2.6679707
2.6320183
2.7755265
3.1775873
3.3397737
3.671052
3.1459537
3.3847377
3.3075752
3.2365365
2.7593741
2.8969564
2.570455
3.0312357
3.1490574
3.6260226
3.8987281
4.0210147
4.2013683
3.700859
3.095264
3.218021
4.05108
4.4298763
3.5568619
2.1688669
4.694279
5.0346813
4.760312
4.038274
3.9492717
4.510098
4.6391244
4.9475827
4.9308915
3.709936
3.1074493
3.4964895
3.7361522
3.8334422
4.388905
3.5743322
3.2224884
2.8595214
3.237317
3.3998623
3.1141558
3.2996955
4.067609
3.978118
4.007504
4.522383
3.6519418
3.5829153
3.3394506
3.25358
3.86344
3.0290453
2.987615
2.8116946
3.078089
3.1371572
2.8009691
3.062739
4.3721213
4.05035
3.2146173
3.5992024
3.2383182
3.662901
3.0426044
3.667816
3.1945574
3.3895361
3.271864
3.4776196
3.809599
3.7873874
4.203256
4.340698
4.486981
5.1597757
5.088648
3.081166
5.0803533
6.0754657
6.468276
6.5188665
6.3168535
4.94696
3.2925131
2.315815
2.465831
2.3675003
2.3450217
2.3554049
2.6852221
3.2500007
3.7604146
3.689915
3.5767193
3.6047916
3.563293
3.4744725
3.6377566
3.7256937
3.752758
3.758093
3.7824593
3.7798014
3.5092192
3.722027
3.7210193
3.7178905
3.7289126
4.002593
4.0391974
4.0594044
4.3267837
4.088992
4.219594
4.156608
4.3044877
4.197105
4.1126995
4.11571
3.9890041
3.9689708
4.079226
3.9711542
4.247742
4.1832414
4.2364283
4.1893826
4.219535
4.130959
4.0733595
4.127923
4.295156
3.9805608
3.9632125
4.14634
4.190515
4.1411185
4.053975
4.1792917
4.314596
4.5141177
4.3037148
4.485714
4.5873446
4.5710917
4.443497
4.4784236
4.2832456
4.3556824
4.376359
4.320212
4.357031
4.1482186
4.296169
4.316905
4.3186975
4.430522
4.4172397
4.45573
4.514343
4.4403086
4.6047487
4.2499385
3.978289
3.9193006
3.8327656
4.25291
3.9497545
3.934853
3.7131042
3.297165
3.4629424
3.1082573
2.9839926
3.2702334
3.3452868
4.1195874
3.8955905
3.4327595
3.6444004
4.1567082
4.7445197
4.243969
1.8974266
1.8906217
1.9881198
1.9798195
1.9728491
2.2823079
2.3434489
2.6173673
2.6210861
2.7543902
2.7787604
2.7489848
2.7507312
3.2461815
2.9873888
3.2888527
3.0316293
3.0764258
2.8322682
3.0330904
3.0598338
2.78165
2.951009
2.8691304
3.0212798
3.0957432
2.9878426
2.8949747
3.0642047
3.0776224
2.826443
2.6409965
3.0177164
2.8142812
2.739427
2.6309667
2.5938332
2.6696932
2.5306833
2.67402
2.560084
2.63329
2.7903738
2.6058357
2.6509223
2.4115188
2.7780886
2.6699235
2.5802686
2.6582685
2.6772368
2.7053878
2.5844822
2.6749218
2.510446
2.647772
2.640944
2.8152335
2.847289
2.8103771
2.7756836
2.386188
2.5108526
2.317988
2.5175905
2.4891822
2.7139
2.6410952
2.7920961
2.7120059
2.7678416
2.9080255
2.903665
2.899443
3.160122
3.1950977
2.9607813
2.948909
2.8820715
2.9502192
3.1303358
2.8397877
3.0294044
3.0033324
2.9168983
2.8528318
2.831304
3.1111588
3.1107347
3.0161054
2.9251397
2.8574367
2.860474
2.87208
3.0047178
3.0253053
2.9506042
3.0131185
3.0196192
3.107296
2.873694
2.9398777
3.0259914
2.895396
3.0216818
3.2044516
3.0080004
2.9866967
2.8975356
2.8672247
3.0237617
3.009942
3.0207293
2.9535563
2.9584968
2.954821
2.9874854
2.9942813
3.0793154
3.0541193
3.012843
3.151395
3.0611567
3.1479414
3.0624661
3.1150422
3.133552
3.0588436
2.925489
3.0429835
3.006703
3.167267
3.0780137
2.8608255
3.017084
2.6955698
3.0059783
2.978088
3.0037363
3.000815
2.8742855
2.8363118
2.7709587
2.9081898
2.8243294
2.7938213
2.7152002
2.6798694
2.9307275
3.2333026
2.6944115
3.1214435
2.832058
2.880717
2.9940314
2.775937
2.8534582
2.8541365
2.8780951
2.8604968
2.929903
2.9307117
2.9906728
3.2082832
3.157448
3.4424765
3.1008031
3.481876
3.378821
3.2015321
3.3177245
3.3333793
3.6565094
3.5933113
3.5748842
3.4770496
3.3608844
3.596506
3.6221604
3.8231485
3.5485296
3.448331
3.510933
3.5400002
3.5150723
3.6896834
3.8146195
3.8670127
3.6630287
3.622754
3.626346
3.5753112
3.4402602
3.4338448
3.6771233
3.391545
3.5182273
3.6960237
3.4061244
3.7510457
3.570231
3.486103
3.5753922
3.5855894
3.5792198
3.6949756
3.6089168
3.400925
3.5360656
3.4559298
3.6110895
3.4478018
3.4560223
3.7253144
3.5959752
3.7781558
3.4613562
3.7250724
3.5982566
3.4176667
3.7365627
3.5426106
3.717189
3.5692775
3.4920495
3.6736097
3.6708617
3.477289
3.460695
3.501747
3.4974406
3.5353532
3.5031838
3.6288023
3.5220318
3.3572834
3.5944223
3.500779
3.5223372
3.583068
3.5088837
3.3540614
3.4200757
3.411995
3.445484
3.6954417
3.4925673
3.640081
3.5855637
3.7271
3.5805352
3.4135108
3.7571652
3.7016277
3.5839326
3.485075
3.5965362
3.8127675
3.5636122
3.5365832
3.6461465
3.3882759
3.412556
3.301532
3.538838
3.4537108
3.4727197
3.4844296
3.4868417
3.1170726
3.086398
3.2121258
3.1034634
3.3070874
3.079329
3.7437913
3.541595
3.3555186
3.3402386
3.6184032
3.280475
3.472915
3.362425
3.2063837
3.2764304
3.4009802
3.5710828
3.539493
3.61972
3.5565891
3.3821447
3.6546316
3.0585089
3.0153818
2.647451
3.1795988
2.7359345
3.3678114
3.4481688
3.1225603
3.295295
3.0803385
3.7357826
4.1083307
3.976439
3.4221673
3.1594474
3.5263112
3.9873931
3.969264
4.076255
2.6484132
3.639808
3.847861
3.9741254
3.9176776
4.053556
4.124059
4.104664
3.7964644
3.9147544
3.8789628
3.6707475
3.5430963
3.4796853
3.5877638
3.4290385
3.4775805
4.346997
5.749529
5.8836064
5.513432
4.4001493
4.674468
5.392295
5.994849
5.617019
3.976328
2.6066988
3.1300685
3.4198585
3.1015697
3.2992022
3.6428926
3.2763777
3.2765038
2.6926908
2.910164
2.0063922
2.0082917
2.0150125
2.2088516
2.4222844
1.9644703
1.4201788
1.069621
1.11196
1.144256
1.0249263
1.0994565
0.94775134
1.0489134
0.9174369
0.9447756
0.982737
1.0473418
1.4478878
2.7540326
4.379693
6.067636
6.079935
5.8912563
5.363982
4.563142
4.6051064
5.114775
5.024955
4.6807284
4.821737
4.57983
4.54604
4.7276764
4.4544325
4.501565
4.6440024
4.958263
4.665845
4.434083
3.6917853
3.5308714
4.0134788
4.602243
5.447957
3.554318
4.295348
4.750469
3.9233985
3.8284066
4.4794583
4.5665684
4.4023247
4.274691
4.100164
3.633799
3.6050513
3.409847
3.82304
3.7646961
3.901356
3.9311426
3.8080795
3.8090029
4.0270476
3.892684
3.456492
3.088814
3.3484304
4.8551917
4.847532
4.7317758
4.0880275
3.8059497
3.9891589
3.69464
5.123892
4.98838
5.182634
5.5112987
4.2566037
3.5041642
3.8286684
4.5472608
4.730896
5.3198137
5.5524597
5.2776685
5.477398
4.884659
4.455066
4.839273
4.843259
3.809568
3.4534416
4.3417373
4.115182
3.8819313
3.2365031
2.6395502
2.7942357
3.1186087
2.5175471
2.7560031
2.662692
2.7090611
2.695818
2.6339583
2.6458387
3.2191167
4.6986413
5.222827
3.8469665
4.5423536
3.9170778
3.1757324
3.8388517
4.508464
4.2475834
3.5473292
4.02646
3.710269
3.8320665
4.4336233
4.589768
4.095584
3.6341136
4.714041
4.978689
3.650677
4.8892207
3.854528
3.6580348
3.4367144
5.0386133
5.0609856
3.3231483
3.3393226
3.2151835
3.1687336
3.3128846
3.3844435
3.3188813
3.4010212
3.3398292
3.5239556
3.3223517
3.4668276
3.6111758
3.5428274
3.7143707
3.642061
3.6156645
3.4986901
3.5034604
3.523138
3.633207
3.3365924
3.404204
3.2623253
3.2093205
3.385529
3.6637866
3.9743295
3.763094
2.9409401
2.9211938
3.4651573
3.618835
3.2917645
3.2872558
3.8284307
4.017029
4.120685
3.4730096
1.090157
1.1055444
1.1338775
1.1225688
1.1694332
1.2249357
1.23904
1.2735121
1.3448857
1.3507525
1.4191029
1.4612691
1.3772203
1.2964001
1.1909653
1.2192277
1.2185458
1.2193629
1.2179389
1.2265722
1.2676754
1.7966721
2.954233
2.5954087
2.7300394
2.9837847
3.013068
3.701796
3.6906233
2.0699017
1.8291817
1.9053972
2.0888166
1.902617
2.0675495
2.2507973
2.0677707
1.5542107
1.146939
1.0642238
1.0950558
1.1353045
1.1238902
1.1413013
1.1886342
1.31981
1.3353105
1.5292389
1.4962008
1.6696885
1.5957856
1.6753117
1.5629987
1.5288583
1.5005264
1.4704714
1.3343542
1.2456428
1.240262
1.2912542
1.3004674
1.1952688
1.0915952
1.0710889
1.0246226
1.2039791
1.1857388
1.136011
1.1106454
1.1638571
1.1807969
1.2456471
1.8409499
2.143063
2.3565173
2.2716694
1.864974
1.499453
1.7820337
1.1533445
1.0660063
1.8663871
1.9875269
2.842825
3.4116218
4.1389623
1.109558
2.6923525
2.216912
2.3368757
2.572446
1.0600774
1.0685138
1.0503321
1.0127441
1.1132767
1.0703382
1.127982
1.0858333
1.067476
1.0759705
1.0509566
1.130343
1.3824599
1.5447086
1.81548
1.8244373
2.194279
2.207529
2.2256067
2.22313
2.8123195
3.5922008
3.4574633
2.640318
1.8739254
1.8032644
1.3782885
2.083515
2.017588
1.8561063
1.7932639
1.8093611
2.2814233
2.8259623
2.8585584
2.9624794
3.7344828
4.224212
4.1762195
2.9986308
2.2834315
2.3900316
2.753672
3.1508243
2.8151805
3.1179106
2.6767821
1.8703399
2.1351418
2.7769032
2.889783
3.180899
4.030855
3.7736075
3.7983668
3.3015037
2.493904
1.8946439
1.94925
5.5137486
5.6506147
5.568882
5.654802
5.6818247
5.646605
6.1665697
6.233411
6.105489
5.977452
5.2229514
3.6380045
2.913243
2.3844738
1.4359081
2.2352092
2.5914679
2.5633872
2.413901
2.8147871
3.374892
2.5834365
2.625339
2.396328
2.3617096
2.4809098
3.6257298
3.8984196
3.8826141
4.301724
4.420516
4.4443073
4.888876
4.8985147
4.4467936
3.1361015
1.9298426
3.171144
3.6195245
3.9798062
4.624362
3.0680902
3.341783
3.2705348
3.192925
3.4912698
3.3339663
3.2954783
4.0197577
3.1218839
3.4429698
3.8335614
4.4183517
4.5736084
4.8137765
4.706469
4.047772
2.5505273
1.9653592
2.0715997
4.443072
4.615699
4.663134
4.4558587
4.612974
4.609354
4.036326
3.9023926
3.7591813
3.4312172
2.4539855
2.8466613
2.8832524
2.5854454
2.7480838
2.4206073
2.5862157
2.689239
3.081696
3.27864
3.4323034
3.7150316
4.4665875
3.8249764
3.2780762
3.227467
3.3168638
2.5822675
2.5405824
2.7133207
2.8887315
3.1731644
2.843714
2.9592414
2.9454868
2.6540647
2.1543882
2.6652064
2.612207
2.6337361
3.2414322
3.4708004
3.503146
3.3050818
3.0900671
3.2177348
2.9631133
2.955947
1.1788652
6.2551446
6.941206
6.7691317
6.8606515
6.81617
6.863296
5.1638856
3.049992
1.4792495
2.236933
2.6382935
3.2861736
3.38089
3.1107984
2.7935276
3.2246575
3.2422001
3.2385538
3.3893661
3.200388
3.3002715
3.2107391
3.268061
3.1417909
3.0108988
3.0964692
3.191992
3.1955702
3.2765892
3.4004507
3.4703124
3.7817023
4.02773
3.5619223
3.5278997
3.3631396
3.188991
2.6406975
2.1755066
2.2314262
2.7110384
1.7511432
1.7178142
1.4002256
1.4867965
1.3058264
1.2252847
1.2183458
1.3591871
1.3094739
1.2531792
1.1755449
1.1993579
1.1220034
1.1007591
1.2692708
2.709433
3.4083457
2.4120562
2.7464945
3.1231408
3.1753867
3.1952298
3.3029199
3.2947145
2.970771
2.6993666
2.4831667
2.850823
2.2088034
2.2828557
2.474218
2.8122978
3.0220616
3.4276338
3.393193
3.4144545
3.3552294
3.3802788
3.4071107
3.4665382
3.5458632
3.1544585
3.1263463
3.2438269
3.4926
3.5203953
3.5088737
4.6669264
3.3455327
2.8852437
2.526174
2.0078833
1.827199
2.8410556
2.648509
2.2689724
2.6514792
2.5779295
3.2178054
3.4378524
3.4995375
3.544744
3.8922534
3.82068
3.5656004
3.4310436
3.7941983
3.5230358
3.5845451
3.3624883
2.6972919
2.0510988
2.2536793
2.209493
2.2539022
2.1588655
2.0904944
1.5925268
2.1512377
2.141776
2.3623374
2.294912
2.3985355
2.2603028
2.6221807
2.8781357
3.016729
3.3212633
3.0084114
3.0875096
3.3144205
3.2281494
3.3109787
3.237206
3.2254546
3.2843747
3.2980554
3.357431
3.5337155
3.6947272
3.3527503
3.6519911
3.708197
3.804277
3.8687658
3.8350563
3.8999562
3.9393973
3.8244343
4.0119324
3.8597836
3.7467642
4.060829
3.9218302
3.7997859
3.6557157
3.7106018
3.6214032
3.6056683
3.3309455
