10000
8.851258
8.706125
8.6859665
8.777169
8.732107
8.608477
8.645039
8.5873375
8.544387
8.197591
8.051717
7.809585
7.999918
7.995859
7.782758
8.088667
8.066311
7.6870728
7.3006706
7.2119446
7.1042037
7.15607
7.240749
7.646009
7.723389
7.983246
8.171348
8.330755
8.183058
8.145476
8.275824
8.119671
8.048777
7.82942
7.9825997
8.2437
8.2820015
8.063124
8.148246
8.103993
8.233066
8.132234
7.995795
7.971673
7.5825205
7.6546693
7.626684
7.9377794
8.37425
8.347697
8.23008
8.089751
8.135331
8.385311
8.426298
8.499561
8.549287
8.36784
8.395488
8.193296
8.108816
8.296939
8.071785
8.084261
7.667633
7.827478
7.692489
7.8245
7.7081065
7.983442
8.204021
8.138617
8.189332
8.274306
7.928178
8.279174
8.571637
8.563184
8.426603
8.279228
8.297524
8.392163
8.189749
8.225498
8.026088
8.116219
8.218513
7.6852913
7.7391796
7.547433
7.687609
7.961726
8.358673
8.230746
8.510762
8.186509
7.7698717
8.358391
8.1584635
7.737742
7.7661905
7.667755
7.6829114
7.0978966
6.6059117
6.1657414
6.332736
5.956035
5.398578
5.6465864
6.081036
5.7124586
5.4962134
5.0343404
4.7007513
4.3860345
4.5397177
5.062857
5.371157
6.221122
6.4190707
6.1583014
5.735384
5.2388926
5.48042
5.677266
5.412403
5.773634
5.687387
5.5782385
5.5581098
5.1635933
4.6073246
4.612853
4.1449413
3.6437466
3.5640512
3.8526301
3.9667096
3.3762515
3.2040102
3.349667
3.5476654
3.5928092
3.362476
3.4818313
3.4119945
3.4709895
3.4903016
3.5993683
3.505728
3.5650117
3.5796409
3.6187563
3.4690566
3.5303588
3.6161134
3.4832685
3.7277877
3.7242095
3.6268578
3.8250437
3.722351
3.871158
3.7328937
3.700578
3.7157056
3.797862
3.8005834
3.6291347
3.8405216
3.8402705
3.5503337
3.9157846
3.8898597
3.8547785
3.862712
3.7434602
3.7607117
3.6577356
3.8590908
3.8053854
3.7906754
3.758928
3.7819731
3.893573
3.748935
3.6707568
3.79164
4.042674
3.8419845
3.9279475
3.7424319
3.9034905
3.8169134
4.075603
4.1932144
3.9816658
3.9358885
3.8496945
3.9949393
4.165184
3.7892528
3.7006276
3.7971032
3.9499612
3.9421394
3.7047524
3.7285476
3.7420049
3.8371725
3.681449
3.680482
3.8690445
3.7735696
3.6471195
3.8004353
3.4975753
3.8654222
3.648638
3.5616097
3.7051075
3.646852
3.6033802
3.612444
3.6256995
3.547521
3.8316052
3.5289452
3.4288397
3.4057462
3.3019674
3.1581492
3.1212347
3.190579
3.1223378
2.875025
2.852889
2.7877557
2.893769
3.0094395
3.279505
3.263273
3.3483717
3.2870154
3.3858402
3.442172
3.6023912
3.601317
3.8128574
3.6853435
3.8129456
3.58619
3.4844096
3.593394
3.386859
3.6001375
3.5116737
3.17182
3.265117
3.140466
3.260642
3.4859629
3.4771454
3.4119651
3.2947664
2.9394033
2.937224
2.7626762
2.9882615
2.7937055
2.905691
2.7200925
2.9878156
3.32338
3.5793061
3.331211
3.081788
3.3698227
3.2381074
3.640627
3.4594347
2.9326432
2.516511
2.1296537
2.1497345
2.7279127
2.5591612
2.9128323
2.985733
3.3956869
3.0695944
2.1530764
2.7207565
2.587004
2.642272
2.6351101
2.7189164
2.3661952
2.6494303
2.9427807
3.2786124
3.3052535
2.768461
2.93333
3.001394
2.5230215
3.0564613
3.817293
3.319352
2.2758322
2.392523
1.2323966
1.6058912
2.4846797
2.6573653
1.9850863
0.6534073
0.6449283
2.2914593
2.5874212
2.8391724
2.916862
2.870519
2.923375
2.8766775
2.483274
2.6838856
2.8936558
2.9815197
2.8384948
2.6353812
2.6089628
2.4461586
2.369425
2.62831
2.9377384
2.885725
2.8399558
2.9030395
3.3050559
3.8731906
3.3283112
3.2933245
2.8444607
2.9573956
2.4170036
2.8199196
2.8179367
3.7051823
3.7401233
3.664823
3.344723
3.2768939
4.136795
3.9216259
3.184226
2.6055532
2.5025768
2.2261732
2.7685688
2.6832275
2.9143405
2.6129472
2.1008492
2.528083
2.7370691
2.9314291
2.9787788
3.1255777
3.0273812
2.8836267
2.7675443
3.3817177
3.2428677
2.288526
2.0801334
2.0995257
1.7873663
1.8439995
2.0530844
2.1437974
2.275108
2.4298038
2.0347757
2.7833695
3.2002134
3.1381605
3.4508295
3.0087242
2.838482
2.7194922
2.5376408
2.5767388
2.3081093
2.3385088
2.6283312
2.6864562
3.2795212
2.395643
2.2905715
2.3286161
2.6897974
2.4516294
2.9140193
3.4178102
3.0251527
2.6683614
2.4391837
2.0881746
2.0935361
2.480546
2.3648245
2.4527044
2.419602
2.2260342
2.7447014
2.5333328
2.4510741
2.5789468
2.7202318
2.9266562
2.6787374
2.4033744
2.3869567
2.8402522
3.071731
2.913185
2.725209
2.8441844
2.3474016
2.312792
2.7711017
2.7922463
2.7287874
3.089713
2.9517777
3.0333939
3.285281
2.979844
2.1450887
2.0529227
2.2851248
2.4201314
3.139505
3.751103
3.4033778
2.8465662
2.3401875
2.3553581
2.76442
2.8728886
2.464195
2.5992398
2.856203
2.082171
2.783128
2.4561265
2.5643244
3.2113373
2.9089253
2.5655758
2.3230886
2.2033308
2.4315076
3.075997
3.0343976
3.0430644
3.1982203
2.7986498
2.302619
2.9260242
2.7291799
3.0266037
3.9762008
3.5120616
3.1309528
3.1290994
2.8291621
3.2465246
2.8326643
2.9458258
3.3873422
3.2375414
3.3532915
2.915414
2.8767312
3.2320743
3.6162326
2.9464667
2.3988113
2.0336013
2.2638726
2.4253018
2.1400383
2.2266803
1.9848195
2.4818633
2.4551516
2.041327
2.666989
2.4416957
2.3986843
2.5960894
2.4909117
1.8993714
2.118976
2.417956
2.4114704
1.5643886
1.843364
1.7832793
2.5082457
2.5469055
1.6711739
2.5498934
1.9644235
2.3407881
2.197864
2.0996454
1.0484209
1.402782
2.1449766
2.6079972
2.5739255
2.9038424
2.4838672
1.9526019
2.765508
2.758708
3.0674453
2.828528
2.219904
1.9355599
1.846898
2.0625753
2.3811975
1.5570838
1.9996724
1.9853017
1.4030507
1.8293679
1.7339221
2.1460009
1.7653685
1.4289585
2.1205199
2.0493636
2.564277
2.1905103
2.245756
2.6090307
1.8480856
1.8722914
2.2488544
2.204587
2.268552
2.1963015
2.3554413
2.4589183
2.8891544
3.0055656
3.14133
3.3081548
2.8534048
2.7984385
2.1136687
1.7995161
1.7360463
2.0103168
1.8903489
1.993477
2.2208736
2.2226334
2.4887145
2.3130736
2.5631456
2.4604857
2.1967142
2.3532119
2.1067703
2.6853983
2.6462789
2.952035
2.3336778
2.3560648
2.5264664
2.33356
2.9105039
3.0272145
3.4136572
3.2751853
3.2021866
3.4816508
2.4257717
2.190512
2.341832
2.3137422
2.844118
2.6466038
1.4423367
1.6586426
1.2279438
1.3918698
1.961278
1.7666268
1.4874121
1.7106204
2.2624605
2.4243803
2.444656
2.4802618
2.3735363
2.1507895
1.6188444
1.9477414
1.7982239
1.655133
1.8800826
2.1497648
2.4133017
2.3455288
3.096852
2.6115367
1.6936765
1.251916
1.593354
1.825523
2.4812636
2.2797709
2.6928463
3.028236
3.096489
2.1991029
3.0229027
2.946155
3.1705792
2.5297306
2.2260287
2.572166
2.5211222
2.4986901
2.002082
2.5735452
3.0259292
3.1757758
2.7285054
2.416195
2.035257
1.8469162
2.2890122
2.524479
2.1753883
1.6884637
1.860354
2.289935
2.1697915
1.6147982
1.7486233
1.5975126
1.4453474
2.0269136
2.0257192
2.625922
1.4386938
1.5234159
1.7413671
1.7894955
1.8716831
1.7561892
2.0831017
2.1088202
1.7059932
2.0355256
2.2522497
2.193822
2.4725106
2.5371163
2.4293556
2.5656996
2.085508
3.0193071
3.1988592
3.121693
1.7913923
1.6754948
1.7015411
1.7510695
1.8373983
1.7675108
2.7225287
3.2020946
2.8026185
3.422269
3.3161585
2.2292893
1.4121491
1.9021475
1.996544
1.879149
1.9925311
2.099756
1.958747
2.1211474
2.082765
2.0793486
2.1499074
1.87432
1.7858664
1.6513644
2.0818138
1.9142182
1.6259261
2.0198658
2.3274462
2.8149395
1.9955403
1.1689409
0.88576704
1.5403428
1.9184836
1.6414293
1.7008594
1.4330001
1.624759
2.2024739
2.471623
2.4958036
1.7286474
2.171538
1.7490753
1.4655881
1.5540066
1.5800625
1.6218266
1.5068582
1.5056115
1.8459506
2.0655174
2.101932
2.3134248
2.2108057
1.5953298
1.4835919
1.8648362
2.084431
1.9209268
1.7679859
1.3207772
1.6027796
1.6410757
1.8500723
2.185651
2.2696114
2.2906659
2.3329709
2.0171528
2.1846018
2.43247
2.6719372
2.6445575
2.5405345
2.5990868
2.720445
2.6048872
2.6834316
1.5541537
1.8226665
1.8780267
1.9550648
2.0975232
2.1310632
1.9662746
2.10523
2.2471275
2.5594003
1.9439876
1.3084179
1.3225756
1.7521282
1.8382193
1.4882905
2.2244515
2.7377758
2.5006382
1.7938075
1.8672402
1.91487
1.8049196
2.0259902
2.017575
1.8512161
2.2263727
1.5354675
1.5102248
1.778996
2.1773045
2.188779
2.017405
2.3935094
3.3372774
3.237142
2.9936452
2.5105453
2.094549
2.0212681
2.0823324
1.1731706
0.7071864
0.9201286
0.972761
0.9507539
0.9680563
1.3348856
1.4037901
1.5957211
1.3212187
2.125522
2.9360087
3.179762
3.4350564
3.2062323
3.267076
3.0245938
3.039357
2.990196
2.6433313
2.734256
2.5387022
1.8516941
2.1292455
1.6050961
1.0309216
0.94999415
1.0954766
1.2080977
1.6443588
2.1365678
2.1390154
2.1687934
2.3341656
2.4443586
2.6089199
2.9519496
2.4559314
2.6625025
2.2591658
2.2118943
1.7068515
1.3728997
1.6104388
1.3454319
1.251239
1.6828872
1.6375546
1.7990627
1.8500731
2.1475122
2.3222306
1.7929553
1.9404712
1.8110868
2.0609493
2.0537584
1.145792
1.1173624
1.2980093
1.3755128
1.474943
1.8725653
2.0091279
2.038355
1.7024201
1.6169358
1.7219535
1.8700998
2.1661484
1.7731227
2.09
2.2752323
2.2708642
2.6644802
2.4811423
2.3266006
3.130147
3.425536
3.3548274
3.019833
2.3423243
1.8647339
2.7387936
2.621799
2.6928737
2.6471207
3.4812558
3.5071647
2.5200815
2.6634574
2.7960877
3.1780486
3.241456
2.911352
3.3484397
3.4402788
2.8203652
2.796424
2.7141094
2.8553038
2.7203395
2.5808105
2.111057
2.2883804
2.1977975
2.4843037
2.7915637
3.5327446
3.3545752
3.0926776
3.2532673
3.0730677
3.2981849
3.4076698
3.6360953
3.7036047
2.8793762
2.370167
2.0729818
2.9077046
2.8742516
2.638902
2.7562063
2.6098003
2.5044124
2.7871337
3.2357833
3.750021
3.8147447
3.2438664
2.9867988
2.445747
2.1376095
1.9759121
1.9173467
1.9085809
1.8363903
1.7464478
1.734489
1.6615057
1.6779
1.9989283
2.396028
2.3459694
2.689778
2.5843353
2.501412
2.6783447
2.585575
2.2215695
2.3583062
2.2841055
2.0814602
2.2679234
2.206594
2.234006
2.5536764
2.689977
2.4196296
2.785212
3.2307417
3.324099
3.4217622
3.021113
2.6259108
2.9045644
2.961372
3.5094843
2.80822
2.8428214
3.8601794
3.343956
3.8906837
3.550861
2.20567
2.2394998
2.431669
2.558353
2.634566
2.8127136
2.5731099
2.7375956
3.224378
2.7920303
2.7259912
3.219893
2.9904006
3.4001005
3.4164624
3.2109275
3.0457456
2.9013786
2.8507931
2.5574894
2.818388
3.0304222
3.1756244
3.0781798
3.1812735
3.241633
2.3196375
2.4253075
2.378453
2.7635782
2.8162556
2.9266126
3.0946527
3.0086997
2.9596708
3.0005133
2.9551148
2.7514184
2.174331
1.4946142
1.391721
1.1542139
1.2289563
1.5207684
1.6390834
1.3989402
1.2596121
1.5595778
1.3592738
1.1468501
1.1510806
0.9888463
1.2855908
1.3242133
1.1723784
1.4611174
1.1600775
0.9951756
0.95451534
0.67348427
0.8040898
0.9495858
0.89265186
0.95668685
1.0991017
0.92674214
0.9622011
1.3447539
0.8944283
1.080339
0.8841287
0.96513987
1.0652643
1.192813
1.2563267
1.1057554
0.8945327
0.9540118
1.4239136
1.2153738
1.2907925
1.1583129
1.4347382
1.2593039
1.1846602
1.3181573
1.1767558
1.4356982
1.5306612
1.5303816
1.4915943
1.3282893
1.6921394
1.3386863
1.3283767
1.2094951
1.6062441
1.4482074
1.2247516
1.4741116
1.4846225
1.3016173
1.4807726
1.65966
1.6096034
1.4795392
1.8641634
2.0369277
2.2667058
2.425277
2.4194236
2.1143577
2.0850823
1.7630228
1.3223513
1.3471627
1.40172
1.4750082
1.8040543
1.6158901
1.2538183
1.15154
0.93524605
0.9846016
1.153488
1.2106266
1.3395617
1.0882798
1.4537863
1.3574156
0.9453542
1.1353219
1.153084
0.9378316
1.6077502
2.2943037
2.411596
2.668869
2.53109
2.5311363
2.4893937
2.4911602
2.706732
2.61971
2.566616
2.3660083
2.4307206
2.5586145
2.8338778
3.1611614
2.9727685
1.814316
2.0449924
1.9193795
2.0442224
2.2076046
2.0384395
1.7479175
1.6180975
1.9026446
2.2017505
2.4014466
2.0669217
2.164608
2.0494208
2.5906026
2.4471624
2.549069
2.4812882
2.4026167
2.211791
2.093806
1.5309399
1.6483243
1.8570694
2.1094165
2.1540182
2.1438682
2.595474
2.6185243
2.6994
2.4418018
2.2177238
2.42597
2.2739406
2.1273081
2.5158892
2.2825108
2.5570002
2.5941527
2.589952
2.5174546
2.5202124
2.4429142
2.4655068
2.4145105
2.4708636
2.416283
2.8620946
2.4334588
2.5490966
2.550079
2.7808971
2.7031307
2.5379555
2.7933261
3.0398777
2.9641786
2.9081135
3.041998
2.8073044
2.8865082
2.9623084
3.0966926
3.0534582
2.9210417
3.233535
2.7401857
2.3776495
2.112256
2.1816256
2.5133402
2.71135
2.760909
2.7576394
2.6717887
2.9680226
2.8735573
2.7761517
2.8476725
2.637978
2.9004474
3.0323374
2.9181395
3.2314124
3.0425262
3.082427
3.0233305
2.8741713
3.042741
3.04697
2.8775144
3.3514547
2.7620816
3.1216981
3.4010499
2.904604
3.050424
3.0768502
3.08454
2.920061
3.253315
2.9819832
3.2778275
3.0619495
3.2352154
3.0786934
3.0782835
3.1209955
3.0752788
2.9527373
2.7139075
3.0286987
2.873786
2.8042805
2.9508932
3.0842485
3.0771456
3.07451
3.0739377
3.032773
3.1929386
3.1086724
3.2048054
3.084467
3.2004628
3.1327891
3.255408
3.3750002
3.212164
3.3172987
3.2680964
3.4730177
3.2424564
3.5524795
3.2865286
3.4184053
3.5017624
3.5385826
3.5336015
3.6670887
3.6182168
3.5460281
3.5643644
3.6241806
3.5812204
3.6836941
3.8051126
3.8090253
3.6718774
3.8163126
3.80813
3.8637896
3.8698375
3.710538
3.7100568
3.602179
3.4223452
3.2505457
3.4334996
3.310052
3.324214
3.1430383
3.3562813
3.3085938
3.5072708
3.2544188
3.244174
3.5582314
3.5830176
3.3704503
3.4674
3.390703
3.4581504
3.519936
3.3715878
3.4813728
3.467337
3.3103292
3.259554
3.4729905
3.4102488
3.4825919
3.641679
3.4309688
3.5275025
3.3120866
3.3778114
3.3421097
3.5030634
3.520841
3.7049737
3.5915253
3.7331676
3.5586574
3.542757
3.530189
3.5248263
3.5990574
3.725425
3.5113795
3.7315297
3.6646028
2.8198793
2.9017634
3.0683558
2.9244266
3.4618878
3.6359985
3.673554
3.6218739
3.6298208
3.6482103
3.703316
3.8345313
3.6141303
3.464285
3.1555018
2.6939363
2.1221795
2.220479
2.283328
2.050039
1.5188051
2.7021022
4.085717
3.952867
3.8244224
3.5063362
3.9282339
3.476891
3.03145
2.6184928
2.7411695
2.3247
2.465397
2.174302
2.7371058
2.312834
2.1642895
2.060186
3.5050614
3.3318384
2.966777
2.5389693
2.9574592
3.3128572
4.0383925
4.2945232
3.965441
3.409569
3.8657598
4.443771
4.37336
3.9746523
3.9133687
3.5907834
3.1594832
3.6710184
4.054518
4.2216797
4.0240493
3.2750697
3.3162174
3.5630412
3.650761
3.1699374
2.771684
3.0232277
3.2334886
3.820733
3.4876473
2.179716
2.0102181
2.1412337
2.6164439
2.063786
2.6336434
2.7051098
2.0763984
1.7831837
1.5334874
1.8383888
1.2904187
2.040699
2.7519898
2.6908805
3.3888695
3.0112243
4.0538726
2.7318747
2.889862
3.66422
4.0465975
2.361742
2.7792454
2.9006631
2.9885194
2.4303432
3.0376801
2.153213
1.679621
1.8882166
2.6625526
2.256542
3.2754428
2.6869051
3.0032203
3.662183
2.4296403
3.3560016
2.83823
2.2299197
3.2079294
3.1294076
2.6354856
2.56071
2.0902061
2.6394954
2.6048079
3.048009
2.8171797
3.0944672
2.7076855
3.2407105
3.4449563
2.0128024
1.2347304
1.4887402
1.3392727
1.4304926
1.1369445
1.240513
1.4867003
1.7548157
1.421813
1.5555047
2.073991
2.2047803
1.2013102
1.4781126
2.8767257
1.8668528
2.4747596
1.762745
2.1201859
1.862479
1.4783995
1.9067314
1.1385638
1.0208313
1.1268413
2.8319
2.89945
3.1541772
3.6977313
3.2548246
3.304967
2.4890227
2.754064
2.978811
3.3262591
2.6221054
1.5909109
2.0738218
2.2053118
2.4140785
3.0840046
2.6232476
3.7433906
1.2445014
1.7568128
1.9851134
1.9836607
1.2515243
1.1144884
1.2946838
1.5815371
1.669452
1.727757
1.3845071
1.2281342
1.4900458
1.627387
1.6667242
1.5928929
1.7438744
1.684724
1.311678
1.4954423
2.1642654
1.7892786
1.8022517
1.658328
1.7988863
1.8030571
1.7195768
1.3071537
1.3625656
1.4268987
1.2803725
1.2896333
1.8292947
1.5654496
1.5462506
1.6895572
1.4210327
1.3985786
1.5621353
1.5318971
1.3247406
1.684568
1.5283345
1.6806583
1.2378707
1.0704558
1.5540245
1.4590545
1.4860315
1.2335494
1.5307592
1.7223202
1.6573466
1.8087698
1.4069903
1.4894452
1.4581797
1.5899981
2.0157924
1.7454848
1.5955625
1.5992733
1.4460535
1.789365
1.565093
1.8688905
1.4920743
1.2009361
1.1204166
1.0243181
1.3544343
1.5174382
1.187902
1.2037392
1.1842407
1.2865171
1.3737254
1.3454219
1.4981446
1.6433474
1.5686761
1.5455889
1.4572333
1.6638776
1.6059121
1.6383512
1.5628389
2.0777895
1.6635033
1.429964
1.8988262
1.8331028
1.8543171
1.9471295
2.4547668
2.468995
2.772075
2.602122
2.6100023
2.9527504
2.6158078
2.6128795
2.154758
2.0388296
2.033951
2.1258628
2.3756657
1.6901132
1.3726571
1.5083289
2.0544953
2.1744962
2.1374896
2.4843616
2.1318724
1.9432043
1.8995588
2.3393388
1.4240439
1.0614089
1.2533042
1.4271702
1.4403635
1.8619303
2.0956972
1.840279
2.4005392
1.8718064
1.693845
1.6540896
1.7832952
1.7087686
2.2142525
2.1874564
2.2122383
2.399235
2.7322905
2.6097262
2.817907
2.9484222
2.5649953
1.8183352
2.0307214
1.9506977
1.9435343
2.1109476
2.171063
2.2229366
1.7836168
1.6530051
1.4786882
1.6875474
1.9949883
2.46061
2.5573943
2.4304466
2.3078825
2.2661674
2.1091485
2.2675712
2.3320682
1.9442123
1.7617949
1.9331503
1.9251173
2.0820656
2.2504222
2.3378458
2.1935744
2.2885184
1.9861059
2.6403034
2.2647793
1.6022263
1.4722481
1.490524
1.7633247
1.8808229
2.0086133
2.1173031
2.3747928
2.5641553
2.6316729
2.6768715
2.632321
2.4370432
2.084391
1.926023
1.842358
1.8683119
1.9166024
1.9936179
1.9705667
2.0073013
2.0649378
1.942399
2.1665416
2.0927615
1.5859976
1.6596297
1.8468746
1.5131967
1.3244933
1.58773
2.0147116
1.3608204
1.7824916
1.5509471
1.4517273
1.7727783
1.552664
1.6068313
1.5264864
1.508185
1.5238947
1.6039027
1.5096244
1.8200862
1.6067414
1.8005309
1.6096364
1.7438836
1.7084461
1.5719148
1.6031314
1.6744692
1.5666717
1.9690379
2.1370203
2.3760142
2.6684597
2.4279714
2.6862292
2.7426786
2.383986
2.4831963
2.1906881
2.0809038
2.3843582
1.8852036
2.0021434
1.7294418
1.738085
1.8359895
1.8378128
1.8513967
1.6705499
1.8815838
2.1188033
2.287177
2.6044488
2.671193
2.5968907
2.2727532
2.5594573
2.4268148
2.5480006
2.7109454
2.64172
2.5903516
2.332003
2.2847257
2.728646
3.2825098
3.283062
3.1114357
2.9528751
1.517481
1.8981181
1.9950391
1.9323866
1.8035746
1.926064
1.4952015
1.6118819
1.9648094
2.7024603
2.3375182
2.981664
2.2916222
2.7775168
2.403381
2.3004365
2.6665967
2.5198083
2.476201
2.4291232
2.6508477
2.8811677
2.3859863
2.7126763
2.5853145
2.0996053
1.7178715
1.8036586
1.7136759
2.333368
2.7200677
2.3269296
2.2042704
2.3328743
2.5211072
2.4069037
2.3094935
1.9961625
1.5730996
1.6707942
2.444914
2.681668
2.0249078
2.6635787
2.29251
2.7993765
2.6616514
2.903247
2.7120173
2.534563
2.8268888
3.0569174
2.8354952
2.6196194
2.3160055
2.525344
2.6477675
3.3296626
3.5444534
3.365952
3.2205608
2.910287
3.1154149
2.5696707
2.3762813
2.5556989
3.113007
2.707689
2.6878433
2.4471312
2.4106145
2.2203002
2.5854192
2.4133697
3.1124134
3.0363097
3.0708935
2.3083265
2.740071
2.8044505
2.5219076
2.8003979
3.1604989
3.2146287
2.754212
2.523605
2.193514
2.0757835
2.1985538
2.2174249
2.9713693
2.79104
2.8581593
2.8119082
2.71216
2.9067578
2.6042411
1.9724363
2.4021173
2.052749
2.660888
2.057636
2.0085726
1.8395569
2.716518
2.5066726
2.5854084
2.703074
2.919986
2.3238633
2.4341319
2.6902192
2.4897192
2.6719763
2.5121884
2.8098235
2.906043
2.841953
2.8535466
2.5177355
2.5819163
2.7202706
2.6313505
3.0613604
3.043941
2.8605056
3.2662642
3.1975174
2.2204742
2.2276332
2.0982409
2.567968
2.1850781
2.8205168
2.904997
2.7041197
2.5911875
2.2873363
2.129406
2.413861
2.2921758
2.3715901
2.203773
2.05422
2.6343992
2.9206283
2.7896602
3.3940392
2.9861531
2.4216833
2.2745278
1.9865868
2.1848714
2.1315072
2.622219
1.9377198
2.1806786
2.238407
2.301533
2.303916
2.2854133
2.3469305
2.5121582
2.4757423
2.9719424
2.5025902
3.3225892
3.0454922
2.3899727
2.4859314
2.513185
2.5474014
2.8207383
2.5190141
3.2647665
3.048458
3.4607155
3.0816553
2.5886946
1.8735288
1.90663
2.4402816
3.1270895
2.140932
2.8950598
2.5875978
2.640755
2.4779437
2.9718363
2.948524
3.4938776
3.3969462
3.0598874
3.6970158
2.7823231
2.3201103
2.1951787
2.7343822
2.8980732
2.4732049
2.6992924
2.1338534
2.5705774
2.7097383
2.686157
2.524553
2.782481
2.5832167
2.1135778
2.5237432
2.8915484
2.708506
2.6886864
2.799656
3.81709
3.3931496
3.9513497
4.5026226
4.1341743
3.7224991
3.4878933
3.3126132
2.969865
3.2296593
2.981607
3.2300682
2.964764
2.5827267
2.6773078
3.0325387
3.5469313
3.322882
3.4304495
2.86943
3.0224423
2.8015926
3.8658872
3.389239
4.1048822
3.6713693
4.7179127
4.0223656
4.0335827
4.069032
3.8716724
3.8829346
3.9278448
3.883127
2.9048254
2.8332262
3.6682813
3.1520813
3.4091022
3.3840146
3.5064287
3.087303
3.1661675
3.1307898
3.4495208
3.2944021
3.8221402
3.4534001
3.973563
3.4710658
3.2618575
3.4646933
3.0520244
3.0149555
2.998661
2.6833453
2.9126816
3.1567812
2.7498875
3.1485243
3.131133
3.1094146
2.7475917
2.7992048
2.9519427
3.2916632
3.085166
3.0326304
3.3623161
3.143812
3.4228296
3.1403081
3.279685
3.017354
3.3347464
3.3113256
3.7964134
3.2323828
3.422185
2.8970501
2.917997
3.1793597
2.3356183
3.2952409
3.5623696
2.9829297
2.3709664
2.5122724
2.852484
2.734447
2.357317
2.747527
2.8776717
2.785264
2.633214
3.4918506
3.3301628
2.9909875
2.9790843
2.9520981
2.8710985
3.0097535
3.1542299
2.892289
2.9765036
3.398185
3.2782533
2.9301946
3.2512064
3.4158273
3.4437544
3.654128
3.768467
3.5344667
3.5170786
3.8405333
3.686658
3.521389
4.00126
3.6551442
3.6369371
3.9070013
3.6437962
3.393546
3.6103294
3.6796627
3.5810947
3.7059405
3.2069616
3.640869
3.3614395
3.5551336
3.2412803
3.5269005
3.4553428
3.5500557
3.2011538
3.5360835
3.3695242
3.2004175
3.2099762
2.7515056
2.3122818
2.4314744
2.528701
2.7488244
2.9231606
3.2592428
2.8617785
3.6632986
3.0403154
3.3630834
3.6994646
3.2634182
2.8003776
2.9359765
2.9005337
2.8819056
2.752622
3.1661546
3.6898806
2.9171243
3.231447
3.5615091
3.4326386
3.507659
3.2182953
2.9538817
3.285561
3.4760246
3.4890175
3.1746564
3.3637903
3.7828119
3.180794
3.4298432
3.4140902
3.7143857
3.7023115
3.7714465
3.361711
3.3557017
3.0900683
3.6462455
2.805239
3.6722062
3.4385476
3.1768754
3.6603258
3.6574523
2.5517275
2.2153707
3.3651614
3.204794
2.855022
3.0569773
2.3261566
2.8513982
2.8638387
3.0574791
2.4298413
2.0492833
1.2815436
2.257948
2.8712883
0.53087837
0.28175786
0.214799
0.2792162
0.17354211
0.34134227
0.22532406
0.30567077
0.5603957
0.36968935
0.53491396
0.5746143
0.56399876
0.5571735
0.49053615
0.56245923
0.33090377
0.3409637
0.4316242
0.3772112
0.2800716
0.36686018
0.43743187
0.62325233
0.721272
0.77366894
0.9331435
0.84418833
0.8539096
0.7566284
0.80594516
0.7282105
0.90618134
0.7847839
0.80263174
0.80067873
0.90503246
0.92481124
0.74631613
0.78823435
0.7697711
0.5216364
0.6742256
1.0456887
0.95349616
0.80974084
0.7729307
0.7289775
0.9383908
1.053114
0.60396194
0.84439826
0.7914208
0.7979634
0.7408733
0.64823896
0.56713814
0.8811106
0.90131176
0.8244193
0.8984241
0.8502412
0.9597363
0.7960193
0.8285183
0.8827795
0.83945245
0.7992379
0.9900214
0.953996
0.8758626
0.9879772
0.9491174
1.1693572
1.1950207
1.0809066
1.0704324
1.0777532
1.1380793
0.9891859
0.905767
0.8499412
0.9497204
0.98115635
0.910316
0.89658916
0.5209178
0.6024367
0.8812616
0.9087563
1.0436553
0.91870314
0.7752636
0.7093901
0.5865845
0.48931852
0.47912768
0.39411584
0.37704384
0.45441082
0.3289942
0.2987294
0.26203012
0.30844837
0.61471516
0.46245915
0.39418235
0.4192808
0.32149875
0.42453238
0.3516049
0.414583
0.46530503
0.45085412
0.38468665
0.54826146
0.47170198
0.41518214
0.5159099
0.44557232
0.45922574
0.4522014
0.556975
0.55631876
0.5703836
0.45361614
0.37207395
0.45997357
0.5284164
0.47783366
0.4177773
0.5566856
0.4948682
0.55578446
0.5353245
0.42591625
0.5409253
0.38313985
0.4554132
0.50935066
0.60918015
0.48680815
0.5525159
0.66141844
0.43507743
0.6348192
0.5956322
0.7282609
0.5328782
0.49912998
0.6881747
0.6411601
0.5070321
0.53249216
0.5691416
0.45437506
0.40810814
0.2856825
0.34414113
0.80088276
0.7952834
0.70221066
0.74233353
0.6607624
0.6988446
0.73254335
0.69827974
0.7791508
0.6296146
0.6503456
0.5922806
0.6945676
0.83801115
1.139521
1.1067134
0.890564
1.9099835
1.9307661
1.9219897
1.3806858
1.490492
1.5960102
1.266205
1.4961088
1.145754
1.1419913
1.17476
1.3354542
1.234329
1.318888
1.1465849
1.3619996
1.1275251
1.2216588
1.1738583
1.1099938
1.1262358
1.3207326
1.2101256
1.2447597
1.279346
1.5095601
1.569359
1.238079
1.2066795
1.2741086
1.1916866
1.1998181
1.2615232
1.2994899
1.0470284
1.2505413
1.1835297
1.2807896
1.2139106
1.2233841
1.4239254
1.1485023
1.3152816
1.7077959
1.5402077
1.3753697
1.8121283
1.8483555
1.3038759
1.2314845
1.6352277
1.542223
1.68615
1.7617693
1.6258609
1.3707051
1.3043184
1.1297011
1.0327282
1.1274995
1.3874432
1.3403058
0.9753882
0.98399884
1.1292104
1.600518
1.7021141
1.4098096
1.2542669
1.1978055
1.220827
1.067453
1.2859136
1.2121804
1.2681534
1.3802363
1.3806926
1.2224216
1.2231125
1.3429812
1.175798
1.332204
1.2984118
1.2936418
1.2717184
1.3092839
1.4130558
1.1260917
1.0883802
0.81811976
0.87904006
1.1386743
1.1273868
0.84972364
0.71393263
0.8957218
0.9889094
0.8484635
0.8344555
0.66094875
0.799994
0.8640438
1.1202762
1.044169
0.92165023
1.1162153
1.1247743
1.3118206
0.8129657
1.4455241
1.2414998
1.2999338
1.8395542
1.9076408
2.1975107
1.433543
1.1504884
1.3919033
1.4550651
1.5144081
1.6178722
1.6435816
1.6418742
1.8897386
2.0112822
1.7884972
1.4097227
1.4902635
1.3453302
1.5288318
1.5977956
1.5280498
1.618296
1.5755107
1.9585145
1.9368376
1.7542698
1.7170539
1.4808419
1.9825735
1.7151366
1.7817696
1.5244827
1.7371011
1.7619023
2.388061
1.9453288
2.3916922
2.5519893
2.574612
2.554866
2.2237306
2.7567198
2.4839633
2.7866564
2.4515646
2.4622335
2.4632566
2.3675947
2.2845843
2.517227
2.6084855
2.4265542
1.7902237
1.9366814
2.371416
2.6602416
2.9165814
3.5099757
2.9334815
2.1447542
2.060486
1.8923416
2.0604928
2.0509427
2.327179
2.387487
2.8348594
1.9592699
1.9458859
1.654816
1.2543473
1.2661641
0.71203834
1.0884435
1.8642288
1.8765689
1.7905118
3.153041
2.8829525
3.0897655
3.229777
3.06115
2.8559926
2.9617414
2.7126868
2.649008
2.732179
2.8560712
2.6312034
2.322907
2.713543
2.355997
2.5735517
2.5435069
2.2429013
2.344313
2.597219
2.2508838
2.4119132
2.4369137
2.4747312
2.283673
2.361391
2.0513682
2.1453855
2.4395764
2.7855442
2.6621678
2.58628
3.0463626
3.4302907
3.1336641
2.6198566
1.2746776
1.1537834
1.185408
1.09949
1.2207971
1.3553797
1.7982677
2.2399533
1.7178982
1.9832128
2.397019
2.1121602
1.731495
2.0877147
2.228219
2.656764
2.4177744
1.9659984
1.752506
1.9713657
1.6558827
1.2433552
1.7806152
1.5235007
1.3680463
1.7242616
1.3704423
1.2645653
1.1342412
1.500961
1.199651
0.8525477
1.2892672
1.5259844
2.0720167
2.2098835
1.603044
1.9404694
1.9552583
1.9421136
1.921599
2.3209527
2.057318
2.0872376
1.942357
1.9265239
2.1453416
1.9988581
2.0941522
2.0854335
1.8986135
2.6929603
2.3415086
2.0559347
2.2905097
2.3200114
2.5452094
2.4856424
2.6059039
1.871475
1.1684155
1.3283342
1.8880931
1.7930102
2.1542425
2.3362896
1.643599
2.0914373
2.2770112
2.656891
2.521144
2.6838439
2.3849492
2.7316303
2.269535
2.1649358
1.7592489
2.3154805
2.3307328
1.9288766
2.5833938
2.029989
2.5741544
2.482865
2.597323
2.7643156
1.4803075
2.1949983
2.4647303
2.591012
1.4749882
0.8718546
1.1134061
2.0505948
2.1068163
2.0875266
2.5568438
2.3294866
2.045006
2.9848127
2.7052667
2.051393
1.0837085
1.1112615
1.3635871
1.4351102
1.1828933
1.6175404
1.8060526
2.2305028
1.8310745
1.9061829
2.0864413
1.5781763
2.1425023
1.8501405
1.7882441
2.0315912
2.7237685
2.0707493
1.973919
2.2137518
1.7854604
1.8763555
1.6751711
2.1916187
1.9746963
2.1604075
2.2967713
2.678761
3.0197067
2.1368062
1.8903161
2.2849438
2.2385964
2.3391356
2.0967383
2.287752
2.5348415
2.3299556
2.1277444
2.0134387
2.1935344
2.2206368
2.4864888
2.2353473
1.3194646
0.6626727
1.081552
0.73673123
1.1452603
1.3975645
1.1676838
1.2579548
1.7435435
1.7193377
1.8103265
2.1827781
1.7218525
1.8549043
1.6725932
2.0626445
2.4264045
2.1225543
2.2706761
1.9392678
2.6619525
1.6274155
2.4042351
1.529456
1.8330572
1.7841915
1.6080351
1.8301828
2.4309826
2.6545553
2.7436624
2.0748055
2.453343
2.51458
1.8777751
2.047249
2.0702887
2.222683
2.475114
2.4153457
2.4363196
2.5041735
2.863212
3.1347532
2.822621
3.098954
3.0546649
2.7932653
2.9676297
2.898022
3.5654151
3.963965
3.5224338
3.4266064
2.3731725
3.085707
2.4120922
2.6069698
2.2013206
1.7492211
1.8021895
2.2663152
1.7076925
1.8837911
1.8647535
1.8425006
2.294333
1.9426403
1.8864316
3.183463
2.676668
2.676102
2.6697683
2.3537846
2.4328518
1.8785056
2.256607
2.6654053
2.4923196
2.5282283
2.36237
2.625617
2.938034
2.5302813
2.5004504
2.2685714
2.3627942
2.5718927
2.6788862
2.2636807
1.8490326
1.8895388
2.1842487
2.0686693
1.9344552
1.7585542
1.8765962
2.158325
1.918368
2.0644805
2.258854
2.4421444
3.0009944
3.372066
3.3076918
3.0888112
2.7281861
2.0114877
2.2018347
2.540642
2.072032
2.4543014
2.8919165
2.3675776
2.7645736
2.5206351
3.673134
2.146405
2.0783904
2.0994716
2.6634386
2.2142227
1.8841877
2.9237945
2.1002495
2.5528083
2.3983247
2.3130312
1.9747419
1.5040339
1.9581742
1.959671
2.2651055
1.9096552
2.0784414
1.8934644
2.0957634
1.9303883
2.0122838
2.1050112
2.0441892
1.3743324
1.8935449
1.7339308
2.2277043
2.054765
2.1903841
1.832865
1.9814155
1.9329194
1.9512948
2.021761
1.9066378
1.9749544
1.8068218
1.7083949
2.2085624
2.272787
1.7658669
2.116832
2.1862652
2.1431544
2.3431487
1.8064059
2.1361372
1.8038851
2.0830634
2.0016904
2.405484
1.7501309
1.7966409
2.0866404
1.8537786
2.3631194
1.6879423
1.9171195
2.255936
2.2030587
1.9939444
1.425856
2.0902295
1.7370541
1.8175017
1.6319199
1.902459
1.9933741
1.8250918
1.8701639
