10000
8.140528
8.108937
8.080459
8.041019
8.038595
8.017845
8.259641
8.223284
8.107402
8.125719
8.03944
7.9071107
7.6199713
7.6138487
7.6880856
7.676778
7.7014947
7.7213516
7.77109
7.6664915
7.560651
7.482033
7.648419
7.5684657
7.5729465
7.5242343
7.4199653
7.4954386
7.482106
7.315902
7.2649217
7.47496
7.6386385
7.790869
8.016534
7.958915
7.958699
7.9307613
7.9839625
8.022479
8.019034
8.031985
8.215648
8.190521
8.130578
7.894681
7.740443
7.594957
7.3851857
7.3975935
7.4188147
7.4785433
7.469754
7.6285567
7.637013
7.4807653
7.483688
7.3878303
7.4718843
7.323731
7.401259
7.422689
7.322831
7.299565
7.4313745
7.289573
7.184587
7.396988
7.5363703
7.741735
7.840175
7.8076296
7.70607
7.7652335
7.850699
7.8295093
7.8698483
7.813205
7.864641
7.7690215
7.6885037
7.679149
7.5539894
7.3794727
7.324809
7.354756
7.459167
7.411327
7.485923
7.3548145
7.440234
7.3427086
7.4225974
7.2865286
7.480097
7.6404943
7.5050416
7.393938
7.405245
7.3100376
7.196914
7.1839724
7.311206
7.5829973
7.548407
7.786694
7.828592
7.816892
7.80937
7.8229375
7.816215
7.871102
7.9254208
7.8616567
7.779325
7.7532687
7.7405095
7.7007527
7.615603
7.414526
7.5462675
7.611396
7.7503705
7.7508674
7.996694
7.8715205
8.030515
7.899688
7.894544
7.7976127
7.743198
7.7543364
7.7304287
7.5116305
7.407424
7.16209
7.1148844
7.187852
7.413204
7.669005
7.8244557
7.966282
7.8875947
7.789418
7.846174
7.99185
7.897688
7.7748275
7.9236026
7.904893
7.703661
7.728275
7.654686
7.6012464
7.3978734
7.394134
7.4880514
7.6365585
7.589059
7.6544957
7.7626657
7.793642
7.808666
7.811428
7.735196
7.6766047
7.8173947
7.8270955
7.8097973
7.7036386
7.708916
7.456392
7.269251
7.3330965
7.594189
7.6239147
7.816849
7.9005823
7.871493
7.8369365
7.7787495
7.7608666
7.8224287
7.7396665
7.8301034
7.864629
7.752826
7.684194
7.624811
7.468068
7.4247503
7.549553
7.6204114
7.7697673
7.792798
7.8459353
7.8298655
7.8334394
7.8917346
7.7869296
7.8446884
7.717057
7.8763623
7.8564277
7.802533
7.5902624
7.411283
7.2247467
7.135005
7.3633966
7.5591707
7.693552
7.8397093
7.8547688
7.8401875
7.9037533
7.942038
7.898456
7.8355713
7.8994555
7.8742547
7.800771
7.699282
7.570418
7.461346
7.3631063
7.3593645
7.4909286
7.516016
7.5896363
7.709005
7.664159
7.7918143
7.78679
7.755588
7.766769
7.802361
7.7302103
7.754919
7.7812557
7.5723357
7.5693727
7.5384874
7.2747593
7.1498322
7.342515
7.6448445
7.8552194
7.9676867
7.8672047
7.721801
7.6872993
7.687789
7.7147894
7.6587744
7.7649293
7.8680363
7.95595
7.833764
7.81678
7.697017
7.7105937
7.422374
7.525798
7.553534
7.6516533
7.5427117
7.662635
7.499647
7.482044
7.5639396
7.44872
7.607151
7.4469123
7.5774097
7.3295536
7.3926697
7.406727
7.3292136
7.1664844
7.131227
7.2601767
7.601555
7.685333
7.672644
7.6844416
7.5165515
7.473593
7.480945
7.5663786
7.6346436
7.766281
8.004209
7.830556
7.8321342
7.7040024
7.5638027
7.4713306
7.356013
7.409622
7.478173
7.5035515
7.503577
7.5197315
7.477346
7.4216905
7.7036715
7.506378
7.654295
7.7164497
7.54493
7.630157
7.4636188
7.455125
7.3086057
7.2032137
7.1587005
7.378977
7.624388
7.5809746
7.703569
7.703475
7.5533137
7.538
7.5974464
7.63084
7.8347225
7.702118
7.9743133
7.770302
7.6936746
7.394569
7.4051533
7.3345027
7.445162
7.5162063
7.6072397
7.5603943
7.608512
7.6086526
7.7275677
7.723744
7.489958
7.691001
7.575568
7.554975
7.4990506
7.291963
7.2267485
7.2559414
7.128601
6.938116
7.074387
7.37449
7.555848
7.6001616
7.559385
7.484631
7.499688
7.45054
7.4771895
7.5224743
7.6728954
7.589011
7.7134004
7.660278
7.713739
7.5795307
7.419841
7.2012033
7.2843013
7.3211875
7.362223
7.3369675
7.184668
7.32162
7.3923135
7.5287566
7.3592596
7.377794
7.2180896
7.4233212
7.547717
7.3887525
7.32619
7.2102284
7.208341
7.171557
7.180558
7.508323
7.5086985
7.607195
7.6510544
7.5365896
7.4762487
7.400044
7.475166
7.5231547
7.558909
7.521693
7.653787
7.5239425
7.5510197
7.305444
7.194233
6.8851733
6.9593143
7.1104817
7.1906657
7.1603217
6.9242187
6.991234
7.155489
7.3779993
7.469908
7.3988705
7.43831
7.206284
7.2776833
7.183772
7.2481785
7.0597053
7.192119
7.096601
7.065505
7.0481186
7.2407823
7.2894335
7.3921075
7.348229
7.37073
7.271025
7.326432
7.3171935
7.3524303
7.410862
7.437855
7.551276
7.518182
7.531292
7.451207
7.2802596
7.182522
7.321327
7.410984
7.5172396
7.3129926
7.2819667
7.3465266
7.5948825
7.6971793
7.621908
7.616193
7.629417
7.6874523
7.55525
7.472044
7.4471235
7.4321566
7.436175
7.3484263
7.3514028
7.552715
7.664872
7.721728
7.720679
7.73132
7.678899
7.68574
7.651888
7.775675
7.7247267
7.8607826
7.7892785
7.732974
7.6609263
7.592129
7.4584455
7.232118
7.2075896
7.201074
7.3179255
7.413007
7.208412
7.4383245
7.170381
7.418757
7.312096
7.5278
7.4306383
7.5150905
7.4876537
7.5980835
7.5359488
7.480579
7.323563
7.4417443
7.3988
7.4672456
7.7388353
8.057321
8.070765
8.076653
8.103804
8.191255
8.153285
8.200873
8.321795
8.279301
8.147513
8.235867
8.1207075
8.0294075
7.816232
7.686626
7.6937256
7.6263857
7.9205985
7.907605
7.8713937
7.88712
7.8331156
7.8696
7.97932
7.9958143
8.012246
8.084838
7.954461
7.931161
7.9155717
7.8436904
7.7693467
7.6021028
7.596279
7.777535
7.846752
7.9220624
7.993139
7.990164
7.9806886
7.9662004
7.9367766
7.9759607
7.9395905
7.915748
7.8796644
7.8154526
7.807403
7.84729
7.7981844
7.7878423
7.770286
7.6108456
7.642204
7.7350626
7.7794147
7.7647076
7.7482276
7.636376
7.7547283
7.782615
7.77824
7.7300935
7.770135
7.5766425
7.6393423
7.6035104
7.6875186
7.733092
7.7680516
7.8816824
7.92736
8.018887
8.007082
7.968066
8.070425
8.033088
8.0062895
7.9273605
7.850622
7.8316226
7.7694407
7.7447414
7.7478895
7.8306694
7.7766733
7.7597933
7.738437
7.652535
7.598596
7.7619815
7.743271
7.747914
7.621179
7.554379
7.565931
7.7434936
7.726044
7.7623053
7.726194
7.723225
7.642457
7.6213584
7.665288
7.7558546
7.788895
7.9173636
7.9378786
7.970247
7.914925
7.992408
8.002696
7.8194585
7.848881
7.72877
7.641336
7.571946
7.64777
7.5496674
7.502261
7.5954733
7.5779295
7.5471926
7.6096163
7.578672
7.5549192
7.658292
7.7092495
7.6413236
7.6999583
7.5288315
7.5269938
7.5460467
7.7165165
7.744571
7.724561
7.8048763
7.6476755
7.688472
7.7514687
7.8382235
7.8816295
7.8450127
7.887801
7.843911
7.7661424
7.7668977
7.669636
7.579467
7.730634
7.6341705
7.5689793
7.5998096
7.482392
7.4703555
7.3803253
7.420196
7.551684
7.515168
7.5759745
7.623475
7.5142393
7.636084
7.737175
7.7746744
7.5746117
7.3492684
7.3204455
7.4199677
7.4742365
7.5073166
7.543398
7.5366125
7.4819236
7.3082933
7.361071
7.4978013
7.5983515
7.682406
7.7408504
7.611369
7.5302663
7.663817
7.655
7.4166484
7.3971515
7.2239847
7.2490263
7.1827116
7.1384864
7.19616
7.2257347
7.26204
7.2512183
7.220784
7.2665687
7.3590527
7.5508256
7.4612265
7.6421404
7.648905
7.7834616
7.5601864
7.2884984
7.3867908
7.548824
7.4467316
7.540464
7.707671
7.6681523
7.683656
7.486098
7.33375
7.514978
7.601246
7.644742
7.7589965
7.6235948
7.469204
7.215069
7.2514114
7.2411065
7.1503916
7.2185774
7.2202835
7.2705703
7.220245
7.2087116
7.299735
7.308957
7.381482
7.204588
7.0977516
6.981745
7.218268
7.327877
7.433752
7.496339
7.551867
7.412242
7.5091443
7.463671
7.6674185
7.609312
7.5170836
7.584117
7.5763702
7.6075387
7.586308
7.3131685
7.242101
7.358027
7.3862853
7.264739
7.1775446
7.107048
7.006847
7.092072
7.0593386
6.871674
6.8205247
6.8108644
6.865272
6.943511
6.7988615
6.7841883
6.848595
6.8121223
6.8142624
6.7558722
6.9563627
7.0274005
7.035814
7.113667
7.398871
7.534303
7.2898855
7.3877397
7.5788717
7.512434
7.500492
7.4266996
7.480105
7.369479
7.398687
7.28229
7.215627
7.0219393
7.0240345
6.962999
6.8118978
6.7025833
6.5156703
6.503779
6.6437335
6.724776
6.4512196
6.628496
6.4267273
6.3467727
6.3949494
6.4659467
6.4633427
6.5386553
6.574209
6.826647
6.81856
6.835242
7.0362062
7.1645994
7.0316734
7.1065283
7.184187
7.257626
6.9541144
7.24629
7.2959886
7.198437
7.1002116
7.2715592
7.278175
7.3460703
7.082134
6.8973145
6.7243423
6.700655
6.6739764
6.625471
6.4768367
6.3745537
6.0484614
6.5067687
6.3840227
6.3912425
6.3891606
6.2679605
6.286077
6.427312
6.4588385
6.7435474
6.4860144
6.6760855
6.7034965
6.624311
6.603096
6.581061
6.526507
6.6479673
6.6882615
6.815505
6.574355
6.7209797
6.935739
6.9684677
7.011254
7.083009
7.034026
7.0935917
7.063525
6.8337417
6.7785444
6.8436623
6.67508
6.897571
6.7922034
6.7146034
6.575973
6.486867
6.755742
6.6197934
6.5413876
6.4201264
6.602419
6.4883704
6.660577
6.60634
6.781366
6.892588
6.8282075
6.633258
6.517197
6.6064143
6.8544154
6.819951
7.1172323
7.17702
7.2293644
7.07709
7.0573106
7.267046
7.2480216
7.2313414
7.249242
7.204718
7.19869
7.209662
6.8820157
7.0344577
6.9817495
6.97408
7.022527
6.999409
6.969323
6.9034085
6.869815
6.871451
6.7991924
6.789342
6.7148786
6.7186036
6.8090954
6.882611
6.9387026
6.960145
6.9322615
6.921388
6.8244877
6.8791075
6.795813
7.109656
7.229871
7.410765
7.4230347
7.2367997
6.9313226
6.7007556
6.8080792
6.6366773
6.5843315
6.7986574
6.9399295
7.0589657
7.040533
7.076662
6.809881
6.888031
6.7580156
6.621569
6.584299
6.605395
6.618746
6.6652637
6.4635997
6.447506
6.3435454
6.3487597
6.29204
6.463587
6.6423926
6.6438036
6.7483196
6.6009
6.5235214
6.466115
6.6262455
6.457448
6.530772
6.6552095
6.8146424
6.7802377
6.564773
6.5615163
6.6651015
6.5704203
6.544591
6.4638996
6.3549447
6.4342065
6.391058
6.511431
6.4451985
6.371528
6.274382
6.07047
5.903576
5.982834
6.109127
6.273929
6.1793985
6.03271
5.9254355
5.954541
5.9480524
5.981821
5.923401
5.8812404
5.8581862
5.8061256
5.9086914
5.7187014
5.838545
5.8717976
5.942322
6.0425014
5.9342623
6.074492
6.0043097
5.9423547
5.9860697
6.036861
6.178087
6.158768
6.215624
6.278132
6.295248
6.3174987
6.3074965
6.375705
6.337135
6.3326383
6.2387013
6.27775
6.394551
6.3598557
6.378846
6.4899187
6.3232946
6.40334
6.515982
6.4208355
6.4157267
6.3437667
6.3333855
6.472751
6.3393135
6.573582
6.440667
6.573568
6.585876
6.5680265
6.5040684
6.573979
6.312255
6.249855
6.1548367
6.172449
6.205004
6.133517
6.2860956
6.072789
6.20158
6.090986
6.2716355
6.289985
6.4293404
6.457456
6.540325
6.4871764
6.574502
6.528331
6.5618453
6.5578165
6.437063
6.203884
6.349352
6.2965326
6.46789
6.2136984
6.2674904
6.2262926
6.181965
6.1469507
6.273494
6.2092195
6.173621
6.0680275
6.1024704
6.063646
6.0525
5.8418455
5.795602
5.814089
5.750108
6.0083537
6.058879
6.14204
6.2415257
6.2609744
6.2423606
6.2038746
6.32949
6.278779
6.44882
6.3456125
6.416969
6.406453
6.325222
6.477333
6.1798744
6.2141323
6.16933
6.0833054
6.0357666
6.0167985
6.16499
5.9923444
6.0573273
5.9231033
5.8933344
5.9005976
5.86611
5.8769875
5.687433
5.6407313
5.4817557
5.515613
5.2952147
5.1892986
5.2307224
5.031647
5.153511
5.0453644
5.1176686
5.199586
5.379102
5.1187778
5.446816
5.4380164
5.5342846
5.602834
5.564546
5.482286
5.4541473
5.0484023
5.0437894
4.8939404
4.716098
4.9611373
5.0492697
5.0344067
5.285762
5.348299
5.4635844
5.1935606
5.792279
5.4256654
5.95126
5.5687156
6.0034914
5.910581
5.7341475
5.3666663
5.1761622
5.0534334
5.2227626
5.411707
5.4039626
5.5419965
5.7386494
5.9570775
6.085761
6.172963
6.1719975
6.07644
6.094015
6.1702957
6.0909047
6.2359757
6.4109488
6.3314323
6.153207
6.192891
6.1346245
6.2973757
6.337687
6.4762983
6.534806
6.501098
6.4472814
6.400134
6.345419
6.351095
6.3960495
6.355537
6.3482065
6.365202
6.2785745
6.1124024
6.0991163
5.9797144
6.0883512
6.161287
6.3144364
6.43627
6.4467993
6.53961
6.570733
6.5859156
6.6781383
6.577745
6.675153
6.5736327
6.6174054
6.524903
6.5329037
6.375597
6.2719665
6.147834
6.4049826
6.43696
6.671446
6.628931
6.6628246
6.549658
6.479992
6.366707
6.5270057
6.5437665
6.644207
6.473314
6.471121
6.421399
6.2979236
6.1655335
5.8482084
5.953904
6.0242696
6.235539
6.257886
6.2673078
6.370332
6.270833
6.3498554
6.211149
6.4033895
6.266919
6.3537188
6.3288274
6.385619
6.2590623
6.177465
6.1144753
6.0171165
6.2034664
6.3136106
6.3945975
6.5019326
6.599239
6.7067924
6.950986
6.896567
6.8304687
6.6269755
6.523969
6.7247543
6.6753235
6.618804
6.540282
6.346866
6.2187533
6.229288
6.1162868
6.082945
6.0945315
6.3577194
6.456218
6.544741
6.523454
6.5709453
6.514952
6.692858
6.596768
6.715147
6.794321
6.6558113
6.61646
6.5499444
6.5618577
6.604348
6.763453
6.7612433
6.7977324
6.88286
6.9701467
6.9835753
6.997692
6.956058
6.901334
6.846978
6.733698
6.6455
6.672248
6.628417
6.7398424
6.6545696
6.3572745
6.073435
5.8954997
5.9417176
6.107456
6.2601204
6.316945
6.51742
6.5703635
6.7041907
6.64248
6.702312
6.6260996
6.495603
6.1791534
6.403658
6.0518866
6.0531306
6.1781564
6.224839
6.2461777
6.317509
6.21873
6.3919215
6.4034147
6.307461
6.437266
6.783358
6.8056555
6.7655673
6.8550296
6.785001
6.755661
6.8294816
6.74186
6.8003273
6.61588
6.5782614
6.452316
6.462557
6.6034703
6.9158936
6.8857517
7.2421713
7.018903
6.689197
6.3505692
6.3111415
6.3164887
6.0883207
6.2608414
6.3801823
6.0762477
5.878065
6.1345954
6.267974
6.4961615
6.674588
6.7137265
6.781087
6.8278236
6.8141003
6.8544664
7.0736856
6.904001
6.9006047
6.8636584
6.854234
6.527242
6.0228
5.9670224
5.9043727
5.7961707
5.9074554
5.5762534
5.540966
5.800655
6.0383644
6.2614255
6.612526
6.7480764
6.5995216
6.3433747
6.6389103
6.7126155
6.846782
6.909744
7.0189676
6.9022555
6.8304377
6.8576837
6.7365036
6.881282
7.091764
7.4440236
7.430012
7.202869
7.329899
7.323638
7.4198356
7.444051
7.5244393
7.543571
7.5440483
7.3412094
7.3357935
7.2321115
7.0770345
7.1572337
7.2553024
7.107798
6.9958987
6.8705077
6.8887496
6.915911
6.9240937
6.8366785
6.766605
7.0093184
6.8778477
6.5798564
6.6195536
6.5168366
6.63535
6.33951
6.36284
6.3553624
6.2791276
6.109657
6.180838
5.972643
5.742693
5.8506727
5.4858904
5.68307
5.762329
5.6633916
5.7134724
5.834364
6.0690045
6.0098696
6.098683
6.3204446
6.298393
6.1174507
6.0768547
6.117948
6.13309
5.857444
5.776246
5.505573
5.6229844
5.56664
5.690984
5.837445
5.9025984
6.1069565
6.284745
6.3166814
6.417054
6.55299
6.4476924
6.4697895
6.470489
6.625578
6.7510076
6.9383354
7.0397015
7.074121
7.0941906
7.126783
7.065221
7.035631
7.098745
7.199244
7.2102027
7.334799
7.211323
7.2494287
7.255437
7.184857
6.954351
7.1221933
7.1185117
7.0510483
7.2193794
7.0183573
6.8586197
6.948961
6.886065
7.157551
7.059897
7.0354
6.736335
6.741915
6.9916296
7.026116
6.773911
6.689538
6.8325496
6.736311
7.0623207
7.1119895
7.47782
7.4534473
7.205422
6.837154
6.8047647
6.780078
6.9232492
7.084959
7.087683
6.941645
6.9450216
7.034059
6.95809
6.901138
6.943744
6.7403955
6.7011456
7.0005975
6.8882236
7.026253
7.275138
7.225618
7.1387124
7.2053037
7.111964
7.000574
6.831328
6.8096204
6.7935796
6.783474
6.6817966
6.4004183
6.3873734
6.560933
6.752532
6.9174566
7.3794875
7.3997717
7.1064773
6.6562405
6.7868915
6.866338
7.055271
6.968691
7.0303526
6.998242
6.755198
6.6075783
6.345313
6.6128683
6.155116
6.1204987
6.1083746
6.1922646
6.307957
6.0928383
6.69781
6.476675
6.521198
6.288258
6.558113
6.3575745
6.226978
6.191857
6.307186
6.3837347
6.1774597
6.157581
5.8247213
6.1913095
6.423659
6.5103955
7.1464586
6.9067044
7.0606537
6.633328
6.675941
6.6082273
6.964722
6.8374104
6.8931866
6.894965
6.995357
6.6510954
6.538897
6.5491734
6.753592
6.4040914
6.553665
6.730076
6.8450747
6.7604947
6.9694595
6.6788692
6.6304255
6.4495378
6.3014607
6.2017307
6.090152
6.3562355
6.4199452
6.5055056
6.217561
5.7977085
5.872282
6.1174355
6.2005224
6.479127
6.571578
6.779984
6.57312
6.2804
6.4329734
6.6053724
6.687246
6.5900207
6.7214403
6.7100673
6.618666
6.4351482
6.236704
6.2637095
6.0213494
6.2423573
6.067649
6.1952224
6.3730474
6.2929378
6.7383046
6.426576
6.4078946
6.3724093
6.0278864
6.2725406
6.275805
6.1861405
6.1225104
6.169044
5.936256
5.856857
5.799184
5.9927597
6.2406945
6.105748
6.4619904
6.550293
6.158462
6.3663454
6.3628874
6.5386286
6.463304
6.2736516
6.5210733
6.450709
6.6527033
6.343538
6.24772
6.0869584
6.013317
6.037418
5.934304
6.0977507
5.9042435
6.121477
6.133307
6.4361434
6.598938
6.3149962
6.5188694
6.250741
6.123794
6.190617
6.3570094
6.2985234
6.208951
5.8623447
5.557825
5.5619297
5.49906
5.727127
5.541117
6.140912
6.204135
6.239591
6.207927
6.646693
6.5524282
6.425793
6.5858593
6.385861
6.285917
6.4444633
6.213284
6.0930333
6.0656404
6.1650996
6.189451
6.288091
6.396344
6.3989677
6.3058677
6.4973545
6.213497
6.114662
6.0595613
6.1883683
6.317784
6.1950936
6.3695607
6.2071414
6.3757133
6.270828
6.1639295
5.943281
5.9634337
5.8121843
6.099478
6.354836
6.5808234
6.337936
6.18632
6.7156467
6.6581235
6.696162
6.7103257
6.6666
6.827015
6.6459484
6.6033826
6.5258055
6.171894
6.4848075
6.5323315
6.3937693
6.7033467
6.9233007
6.6083765
7.009115
6.8131924
6.723785
6.364032
6.700803
6.55259
6.6211295
6.6350803
6.5273614
6.5522103
6.2383113
6.140641
5.9455676
5.7754283
5.845944
5.8480377
5.7514844
6.5469866
6.5309706
6.143354
5.969964
6.453808
6.573041
6.7216263
6.5866647
6.592163
6.5915723
6.570527
6.5969405
6.40413
6.3730497
6.4874725
6.7003984
6.727804
6.759552
6.449431
6.9154363
6.7329865
6.670321
6.7056255
6.678151
6.4995284
6.541637
6.5214477
6.6910834
6.2757497
6.498678
6.261614
6.045403
5.882735
5.8943195
5.9796724
5.7760687
6.244347
6.415929
6.35486
6.1435733
