10000
8.673193
8.52037
8.483447
8.587841
8.517711
8.541445
8.608694
8.540187
8.565321
8.623666
8.622699
8.63973
8.599835
8.726867
8.628043
8.67377
8.62003
8.605525
8.686203
8.729255
8.692415
8.7076235
8.673709
8.750448
8.661467
8.790056
8.681685
8.760942
8.731804
8.727751
8.77439
8.7265
8.632942
8.627201
8.602919
8.600973
8.570162
8.671731
8.570502
8.614893
8.488897
8.429511
8.441048
8.4016285
8.319703
8.16303
7.98545
7.687169
7.6284804
7.690137
7.442154
7.529273
7.5210776
7.6049533
7.5040307
7.4186335
7.344329
7.473094
7.5444136
7.7073507
7.827724
8.066331
7.9308414
8.026832
7.903271
7.744185
7.260246
6.801049
6.819961
6.4489913
6.144815
6.0004745
5.9432263
5.8893456
6.080555
6.0934334
5.9822226
5.7205687
5.6940074
5.296059
4.91479
4.732421
4.815476
4.860595
4.823201
4.79579
4.809982
4.7933803
4.779512
4.718266
4.7513003
4.8858385
4.8224187
4.871685
4.796131
4.8880043
4.926883
2.4039607
2.4503922
2.4089215
2.4548345
2.3385527
2.2963011
2.3052762
2.3814695
2.2254398
2.1396942
2.3000038
2.3562064
2.8076172
2.9424338
3.023331
3.076645
3.0119894
3.2804632
3.266013
3.587411
3.704032
3.7082298
3.7456691
3.791666
4.1071334
4.0156474
4.1093464
4.104072
4.161127
4.1921716
4.580642
4.613474
4.6802554
4.7573557
4.9522667
5.0579596
5.003883
5.011187
4.818018
4.5308704
4.2849298
4.101106
4.2495656
4.5397806
4.575583
4.521159
4.4401455
4.545991
4.4960756
4.535528
4.348462
4.388239
4.4417753
4.619659
4.683901
4.508762
4.543152
4.6054425
4.792482
4.728694
4.8856487
4.8103266
4.6848893
4.7387867
4.7902384
4.9710774
4.9529634
4.894369
4.8107214
4.8992558
4.8926606
4.979786
4.734759
4.856848
4.7954645
4.7443147
4.720682
4.6474285
4.785692
4.7826695
4.6932673
4.793819
4.6568756
4.738394
4.585182
4.385774
4.5176167
4.334629
4.2075057
4.058822
4.1998577
4.138855
4.1984315
4.1666646
4.317484
4.448048
4.474898
4.5362616
4.7190537
4.8910184
5.0403113
4.9732976
4.96932
5.096906
5.1090045
5.148752
5.098569
5.148905
5.1879997
5.1566305
5.0909247
4.9800305
5.0594106
4.7872887
4.5573034
4.5628614
4.64741
4.849118
5.082312
4.43489
4.5845222
4.7232914
4.752188
4.601742
4.590486
4.5392137
4.569374
4.435148
4.469988
4.4700108
4.348896
4.2783995
4.362454
4.294553
4.306544
4.3177648
4.2517023
4.3475494
4.3390493
4.1420474
4.164458
4.1902723
4.2685785
4.09174
4.153015
4.265111
4.179768
4.2307153
4.3247423
4.3244033
4.2578998
4.2733955
4.824573
6.117825
6.125917
6.17757
6.3363967
6.065037
6.18561
6.293306
6.2821555
6.3145533
6.257389
6.3052673
6.4088297
6.4258447
6.372171
6.3742642
6.385037
6.357635
6.4071503
6.3971653
6.3648615
6.33518
6.5639873
6.614218
6.6644883
6.644593
6.666865
6.654762
6.590127
6.632604
6.6143947
6.69458
6.7598686
6.799565
6.7505655
2.104613
4.1474714
4.250776
4.2171717
4.198838
4.237701
3.9853196
3.9766529
4.3686996
4.25249
4.292513
4.5240684
5.282665
4.344085
4.4011416
4.0603094
4.0631857
4.201365
4.1720505
4.19235
4.378202
4.3622646
4.479464
4.468272
4.444014
4.5645795
4.4865627
4.6044493
4.5350223
4.4803905
4.642312
4.496308
4.44107
4.3481393
4.2490244
4.47837
4.4166036
4.4595146
4.543015
4.4344153
4.6523433
4.649395
4.5310097
4.423072
4.4826164
4.4223037
4.3738484
4.1512547
4.0913963
4.029895
4.2569113
4.268733
4.1016064
4.287228
4.2151217
4.251782
4.346963
4.191165
4.2481236
4.2831492
4.3729277
4.6441274
4.4916873
4.6256557
4.679915
4.7074423
4.7617445
4.75047
4.6665306
4.8096213
4.758281
4.8356104
4.86661
5.029308
4.9777985
5.006173
4.7971888
4.879986
4.78543
4.7124963
4.710531
4.79448
4.841434
4.715561
4.6375103
4.590893
4.4647617
4.482417
4.539425
4.577885
4.445877
4.3206105
4.4649143
4.438782
4.4777493
4.4413967
4.5495577
4.503161
4.46764
4.6379514
4.5025687
4.3558235
4.435874
3.4130793
3.4256215
3.7415547
3.7535186
3.7964623
3.7114482
3.6505806
3.5719204
3.6202528
3.5144742
3.6154962
3.7623413
3.8027525
3.7982802
3.9653761
3.9924045
3.9321973
4.025689
3.9443493
3.7311344
3.8421183
3.695736
3.6179419
3.4936337
3.510194
3.6975808
3.609909
3.7681968
3.503807
3.9830894
3.8572712
3.8815713
3.4396079
2.1766346
3.8980808
3.9142828
3.5381699
3.6823723
4.474724
5.0750327
4.9129853
5.0269322
4.9084544
4.869568
4.9041824
4.937122
4.7637496
4.8698473
4.6270847
4.7088895
4.6740026
4.713698
4.5747404
4.6846995
4.5668917
4.618862
4.4450064
4.5027447
4.5061474
4.500427
4.515003
4.476347
4.5019407
4.375145
4.487344
4.3665032
4.3668103
4.464001
4.6093216
4.700491
4.4920077
4.533038
4.6451473
4.7652087
4.6184373
4.4359922
4.5202904
4.635325
4.498387
4.758112
4.801118
4.9142504
4.7512903
4.741009
4.70783
4.8612604
4.9941745
4.7733045
4.8584857
5.109638
5.1216817
4.988838
5.0348754
4.904324
4.670137
4.545973
4.450856
4.654153
4.660449
4.5823574
4.5533013
4.4168773
4.5275745
4.3410406
4.212061
4.310187
4.389521
4.3436737
4.428905
4.4423594
4.263495
4.2420607
4.2082705
4.374984
4.159936
4.1484847
4.071701
4.044935
3.727991
3.8723626
3.801456
3.8037388
4.1920533
4.53164
4.5066667
4.5738335
4.383537
4.519496
4.5301313
4.4439197
4.37894
4.224172
4.1840386
4.08761
4.238916
4.260561
4.194944
4.284388
4.0907173
4.14408
4.1466846
4.235868
3.5881948
6.789244
7.048423
7.1474123
7.0624466
7.1708226
7.037339
7.245726
7.194815
7.1902447
7.258588
7.114217
7.170369
7.0715895
7.1410017
7.1512575
7.0718713
7.0584307
7.156452
7.1241713
7.066895
7.192481
7.032267
7.0540023
7.0558114
7.108547
6.9608626
7.0862546
7.000099
7.111076
7.151574
7.1889896
7.1092033
6.9456406
7.0039554
6.6448913
6.5364213
6.4852877
6.292549
6.337746
6.3186307
5.9756
5.782145
5.784976
5.854313
5.811429
5.834535
5.7719364
5.637921
5.6090426
5.687781
5.2417693
5.0764923
4.831356
4.8354554
4.6900697
4.552552
4.7546215
4.9332933
4.8670106
4.824183
4.818126
4.82345
4.6566772
4.707737
4.683362
4.606411
4.6206565
4.4345517
4.4878287
4.367297
4.1848617
3.9035516
3.742206
3.806458
3.7511773
3.8223963
3.8134243
3.6643322
3.690668
3.717648
3.6106603
3.7532802
3.855129
3.8016274
3.8564177
4.026866
4.318681
4.481162
4.504087
4.612929
4.630573
4.369644
4.342266
4.462273
4.360001
4.262127
4.2774386
4.217572
4.1074734
4.126175
4.1558657
4.048389
3.8924947
3.887147
3.797351
3.525069
3.53397
3.7152874
3.5883641
3.604114
3.7258742
3.534087
3.5587282
3.5683057
3.5160213
3.494625
3.2361026
3.3339796
3.3413987
3.3992684
3.4902709
3.5524845
3.6420765
3.7689242
4.007589
4.019432
4.069085
4.2084446
4.1281443
4.1278677
3.992448
4.09923
4.128396
3.9599779
3.979808
4.0881834
4.305072
4.27937
4.4011908
4.3890285
4.617821
4.8495073
4.816888
5.096589
5.240649
5.3295507
5.3675523
5.267723
5.330136
5.1326733
4.878028
4.7850275
4.691298
4.7352543
4.5614862
4.5948586
4.5408015
4.4878426
4.5445414
4.336491
4.296831
4.4446464
4.548315
4.6200566
4.788239
4.934007
4.9504867
4.9217143
4.991423
4.845528
4.9578547
4.6875367
4.8075104
4.7444816
4.783803
4.680206
4.4764504
4.4685483
4.2407813
3.9773068
3.762528
3.9065983
3.9630294
4.2052546
4.179523
4.1473827
4.0912504
3.9888704
3.8715184
3.6199703
3.3364692
3.2458193
3.2721715
3.357056
3.3055902
3.4750888
3.5773196
3.6973019
3.8652472
3.9268777
4.1804137
4.369148
4.2328725
4.359146
4.482468
4.5249867
4.618587
4.6384325
4.6059723
4.7671733
4.8343086
4.878291
4.811408
5.0769024
5.0992503
5.163896
5.288146
5.2474613
5.3654633
5.4576
5.4206185
5.4397635
5.3720074
5.4486046
5.437834
5.2375073
5.2692075
5.330625
5.51838
5.328195
5.0740747
5.1259456
4.9831147
4.8463016
4.4867687
3.4889479
3.464267
3.0926259
3.065373
3.0798526
3.1183648
3.096214
3.174801
3.0729613
3.0517693
3.1809816
3.167905
3.2489023
3.209588
3.289627
3.155339
3.2541764
3.3351831
3.2366824
3.2076201
3.2442565
3.351898
3.366446
3.3250813
3.334908
3.4087691
3.3281674
3.4258096
3.3608856
3.422904
3.3854353
3.5238643
3.474852
3.4768481
3.3790522
3.3376777
3.3343909
3.2940865
3.3878887
3.3354557
3.328573
3.2940416
3.3518038
3.3101385
3.2401578
3.2498596
3.269482
3.1471374
3.1582596
3.1089473
3.064356
3.0999775
2.9707184
3.0232003
3.0545857
3.031245
3.0684285
3.0352695
3.0628967
3.0701592
2.9614706
2.999461
3.0083191
3.0363343
3.0621538
3.6337087
3.57727
3.493559
3.7679577
4.0466137
4.086517
4.142473
3.8635204
4.2735777
4.436216
4.6226935
4.590223
4.712304
4.584077
4.4423685
4.1482573
4.0550346
3.942896
3.8695736
3.7703357
3.9924843
3.95348
4.016054
4.01982
3.9797437
4.021984
3.9156997
3.9180036
3.8250792
3.9350228
3.9519153
3.9113817
3.9424653
4.094451
3.9750378
3.8583431
3.811642
3.759737
3.965493
4.3266225
4.097085
3.6327624
3.6300132
4.0774283
4.0900726
3.8965182
3.952953
3.9275362
3.7592204
3.7440526
3.5042348
3.473092
3.5275347
3.2531335
3.4334183
3.438511
3.515597
3.5376883
3.4823031
3.570534
3.4802842
3.269444
3.3839135
3.3540518
3.2205553
2.9651818
2.966772
3.0630927
2.8665442
3.3619325
3.6188586
3.6294127
3.385464
3.2880273
3.3322518
3.3680046
3.5337715
3.4717345
3.410017
3.5480382
3.710705
3.440131
3.4307368
3.506341
3.684685
3.5806103
3.6607754
3.6385145
3.6334572
3.7192323
3.9215484
3.761573
3.8631096
3.7258933
3.6539218
3.5926583
3.3714209
3.6295128
3.627835
3.5958414
3.488544
3.5537474
3.6720421
3.5385742
3.792256
4.0163264
4.0912647
4.1849446
4.291767
4.5343933
4.458373
4.2756567
4.2797675
3.9367158
3.6036325
3.5775626
3.6231437
3.7275107
3.5554307
3.4866385
3.4910119
3.9353476
4.033433
4.1763153
4.0375733
4.126831
4.083604
4.137663
4.1039505
4.2010665
4.073801
4.299084
4.112734
4.1065288
4.124708
4.0148196
4.0664167
4.201733
4.299419
4.0992765
4.0246024
4.1075234
4.019537
4.064912
4.116508
4.108252
4.2315507
4.1282234
4.1000814
4.2414665
4.0868964
4.0731816
4.10999
4.1065674
4.230342
4.082058
4.163782
4.083989
4.2029223
4.2699842
4.1704793
4.157502
4.175172
4.153611
4.12984
4.0057507
3.7202816
3.564987
3.6029584
3.549883
3.8244698
3.6976125
3.7681043
3.7299333
3.7849557
4.031548
4.101942
4.2714677
3.7642894
3.954094
4.5285635
4.570179
4.685528
4.6034713
4.683551
4.6169767
4.6024456
4.5694375
4.61475
4.5777655
4.4994235
4.558537
4.452904
4.652719
4.6172237
4.6630406
4.579421
4.59871
4.562672
4.640172
4.645001
4.532801
4.4730263
4.5861235
4.593069
4.7196445
4.491162
4.496823
5.9283233
6.4746156
6.5612717
6.5088997
6.288405
6.238982
6.3781457
6.3211527
6.3898773
6.416663
6.3108635
6.371586
6.3561068
6.273372
6.3076296
6.1869793
6.137234
5.9769807
5.758958
5.627999
5.3499584
4.96035
4.51556
4.132314
4.132407
4.1413674
4.108338
3.8895228
3.8335412
3.766136
3.9022524
3.8787434
3.955934
4.525134
4.470769
4.6733346
4.939071
4.940112
5.075558
5.0281024
5.5638437
5.5671372
5.8225813
5.991206
5.9220023
6.097033
6.2855487
6.3481727
6.278074
6.300675
6.43009
6.514595
6.4731126
6.291751
6.2533603
6.269515
6.2505994
6.1407
5.9207544
6.014529
5.990282
5.9978175
5.9087467
5.8297806
5.8713994
5.84849
5.8047113
5.8160067
5.8577447
5.8659415
5.864536
5.85041
5.8882384
5.8832836
5.755969
5.8686666
5.8960724
5.9258876
5.848193
5.8549848
5.7718244
5.664011
5.561873
5.540428
5.5627394
5.5397105
5.3171067
5.192575
5.118507
5.1583824
5.0266476
5.0403585
5.125539
5.0367208
5.03085
5.027549
5.0411534
5.024153
5.032967
4.9890156
4.958111
4.953318
5.020012
5.058844
5.1007547
5.150763
5.352496
5.2832737
5.4058385
5.476738
5.447355
5.4962835
5.5934
5.7183914
5.7673497
5.901474
6.056162
6.0663204
6.0831275
6.0356526
6.1008453
6.094825
6.1018405
6.168147
6.106727
6.1735606
6.0663347
5.9579744
6.0646825
5.980448
5.9781427
6.0489116
6.049309
6.094938
5.930045
6.170557
6.099258
5.979051
5.9299154
5.962542
5.905581
5.812019
5.872521
5.9185405
5.9291067
5.806529
5.8820066
5.784232
5.8196454
5.8584948
5.8025985
5.821843
5.7315116
5.953489
5.931883
5.951177
5.9939065
5.936594
6.1398587
6.090207
6.091129
6.1599674
6.164032
6.1141977
6.124276
6.205678
6.1559577
6.2029934
6.0418987
6.115668
5.8832183
5.9557576
5.940215
5.991747
5.869206
5.8417335
6.012572
5.9607716
5.9557357
5.833293
5.9150033
5.9565825
6.0484743
6.0886726
5.981219
6.177381
6.11395
6.0149593
6.037035
6.0978208
6.1148133
6.25767
6.1080513
6.254406
6.1276364
6.2599697
6.0989885
6.1228547
6.1126432
6.1605253
6.0802484
6.1221533
6.064324
6.0477834
6.029479
5.9947658
6.055758
5.9566693
5.9308305
6.019919
5.9660597
6.0021405
5.9746547
5.9536376
5.9257293
5.8240776
5.894808
5.808809
5.723677
5.733946
5.650508
5.7447443
5.8013077
5.817058
5.8198333
5.813716
5.926311
5.846793
5.945676
5.8607173
5.9286656
5.753126
5.9240255
5.8495774
5.905804
5.8900013
5.8615565
5.913785
5.9006414
5.8686085
5.8453765
5.9930477
6.128123
5.9987006
6.041645
6.025375
6.0613894
6.1274695
5.9691825
5.957742
5.9914994
6.0554338
6.25007
6.1524577
6.17647
6.1506
6.0637803
6.208152
6.245325
6.2536716
6.269021
6.106552
6.065025
6.0047154
6.0835543
5.9156423
6.0818872
5.9021773
5.846549
5.9952145
5.88459
6.085445
5.7399917
5.8958693
5.824372
5.8654323
5.7419267
5.9568257
5.9656763
6.195976
6.0229425
5.975744
6.185496
6.0620666
6.053417
6.0249333
5.9533377
6.0480747
6.0821004
5.986842
6.1943398
6.0259805
6.0051675
6.1270742
6.0062404
6.0746045
5.9514117
5.9264684
6.00949
5.990687
6.073537
5.937992
5.9788804
6.1316767
6.04153
6.105724
6.1331778
6.0702896
6.160119
6.1570883
6.173958
6.084217
6.1210537
6.1486897
6.240449
6.097129
6.06172
6.0733156
6.070749
6.164489
6.092424
6.1818595
6.1439595
6.1720924
6.1773643
6.1695423
6.012004
6.0651464
5.9094067
5.877391
6.056178
5.9277167
5.8348584
5.9207287
5.9102726
5.987198
5.981773
5.967026
5.8230658
5.78739
5.6728206
5.6185403
5.5517554
5.6298456
5.610446
5.4264293
5.488031
5.5871687
5.7349043
5.7499022
5.8125467
5.959776
5.819114
5.695234
5.739239
5.7739577
5.8663397
6.0192943
6.1833024
6.22416
6.1930876
6.1331716
6.1091924
6.0251226
6.0413494
5.905132
5.909073
5.896986
6.1655245
6.057283
6.216543
6.1916327
6.1596336
6.083367
6.0659986
6.042671
5.995358
6.0497117
6.172902
5.9905834
5.918234
5.569958
5.6384478
5.5241227
5.469955
5.4634175
5.467136
5.4863815
5.4755926
5.5033245
5.5754237
5.5935526
5.9261875
6.188445
6.3299594
6.1290255
6.136438
6.094181
6.253029
6.0163655
5.9748645
6.0421376
6.0749507
6.414904
6.468345
6.3863034
6.429176
6.43737
6.4105124
6.3861647
6.426152
6.212133
6.190018
6.1867356
6.206541
6.1805964
6.326255
5.796382
5.737318
5.665832
5.6469107
5.651078
5.6831274
5.8389826
5.924691
6.1699147
5.9117446
5.9073577
5.7611027
5.8433523
6.074404
5.8902044
5.7679114
5.865401
5.924276
6.202475
6.450505
6.197035
6.182663
6.0724907
5.8981905
5.570732
5.315331
5.19358
5.2050924
5.2000575
5.19146
5.296601
5.492359
5.517343
5.7124596
5.8862677
5.552266
5.149072
5.1788335
5.32852
5.461833
5.264091
5.2408566
5.351181
5.241267
5.4862523
5.609638
5.6366906
5.690009
5.819215
5.7684455
5.6173763
5.6475363
5.561656
5.473673
5.55586
5.5361342
5.4840207
5.5986104
5.57129
5.695976
5.728164
5.8229256
5.8966856
5.8299947
5.9458404
5.8952575
5.6388927
5.5378227
5.2547865
5.263317
5.218087
5.2283187
5.1695523
5.3133516
5.2552433
5.3631396
5.3208985
5.2745028
5.311633
5.41385
5.35147
5.1348867
5.201494
5.103664
5.0610332
3.8507688
3.8771515
3.959422
3.7937827
3.8794737
4.037183
3.9263792
3.8551645
3.8679664
3.890559
3.9326482
3.9023237
3.9549217
3.8497643
3.7190604
3.4857073
3.5853689
3.535309
3.424733
3.3916395
3.422437
3.5489554
3.5478659
3.6663635
3.906381
4.0052443
4.3821745
4.4358006
4.1518183
4.0706944
3.2772365
3.4187083
3.343931
3.4569738
3.6297257
3.5578787
3.6545553
3.664469
3.4776566
3.6557355
3.7809432
4.0225763
4.095726
4.0993986
4.0918255
3.9739501
3.8397765
3.8410215
3.9918869
4.031058
4.07366
4.078571
4.127274
4.3149014
4.0724926
4.039224
4.1029005
4.082244
4.25624
4.173197
4.235875
4.1879454
4.248697
4.226926
4.278042
4.255845
4.2453074
4.246287
4.160343
4.2582026
4.1659675
4.311734
4.1722713
4.2742805
4.157036
4.2682133
4.1547766
4.260665
4.1603785
4.267249
4.1887856
4.3085117
4.1703115
4.269054
4.175674
4.3079805
4.1848974
4.3230133
4.2738686
4.3263006
4.202582
4.265959
4.253858
4.2759886
4.2653913
4.267741
4.261264
4.2356377
4.2488637
4.253489
4.3085456
4.23989
4.278513
4.239581
4.2742
4.2171693
4.281062
4.2059784
4.246256
4.2227626
4.273714
4.1923647
4.2671633
4.158885
4.249845
4.2138247
4.2843027
4.2258654
4.1685047
4.2363143
4.2417135
4.2396283
4.292896
4.2571716
4.3072877
4.308642
4.3119273
4.316976
4.339116
4.339355
4.237987
4.284189
4.235925
4.29067
4.257171
4.298702
4.2575817
4.299844
4.248528
4.271193
4.256178
4.3013234
4.2389255
4.317999
4.258774
4.346711
4.2359014
4.3377843
4.366733
4.312221
4.3470926
4.3283644
4.3632774
4.337336
3.8433511
4.174681
5.0610566
4.8594985
4.760025
4.7177315
4.842069
4.821345
4.8944445
4.9387074
5.217401
5.185614
5.393377
5.3460855
5.454103
5.408674
5.536817
5.404334
5.551485
5.326811
5.5748205
5.3838773
5.518989
5.273988
5.3436136
5.581346
5.3815107
5.408522
5.4068227
5.3917317
5.2556286
5.444082
5.4733086
5.5078707
5.5892167
5.6551976
5.6847267
5.701534
5.896404
5.893442
5.9065857
5.890434
5.90231
5.870544
5.9205875
5.819941
5.906788
5.8684473
5.8377137
5.824462
5.8612323
5.8621325
5.8960347
5.8089404
6.0313416
5.897426
6.055921
6.005499
5.9644036
5.9761314
5.985605
6.04629
5.996657
6.007783
6.01246
5.9975305
6.067032
5.920947
6.1110373
6.073966
6.0902076
6.283515
6.174179
6.1991606
6.1906705
6.2548485
6.275959
6.29142
6.3635564
6.254434
6.291325
6.339149
6.2320356
6.2574935
6.2733793
6.2624664
6.22701
6.26969
6.172419
6.2793803
6.298214
6.187681
6.189153
6.131355
6.1128035
6.181704
6.122203
6.0746374
6.107811
5.9865103
6.0656977
6.0525537
6.0924916
6.056714
6.2078
6.163061
6.142564
6.0870347
6.0588856
5.8740726
5.860209
5.7963796
5.8275714
5.885717
5.7048435
5.8687124
5.851883
5.752473
5.972453
5.5935235
5.47019
5.212269
5.385341
5.2310076
5.4761105
5.5192995
5.5702453
5.5472417
5.6093187
5.427905
5.2739816
5.6758475
5.5789165
5.5868583
5.432553
5.672605
5.7806973
5.707655
5.9324
6.140399
6.208557
6.26281
6.236081
6.1861253
6.138067
6.107744
6.1346183
6.0735636
3.984659
4.0798182
3.9318006
4.0379143
4.0311174
3.8971736
4.156661
4.0421457
4.1720777
4.231876
4.2464366
4.048139
4.363057
4.405327
4.481025
4.482871
4.495389
4.527159
4.5481777
4.4806614
4.6591787
4.756568
4.772416
4.815348
4.7473044
4.872625
4.950092
5.026082
5.1764975
5.0271115
5.091067
5.2033925
5.17593
5.2583785
5.2520456
5.384767
5.405158
5.390938
5.3615646
5.399114
5.3053503
5.3787775
5.5310564
5.4116187
5.470478
5.4695306
5.5260005
5.386256
5.377879
5.2928324
5.377729
5.40662
5.4118476
5.4477577
5.4283032
5.484661
5.4730597
5.4740925
5.487826
5.3590612
5.36218
5.40714
5.400401
5.4374437
5.4189506
5.450698
5.3450837
5.3370614
5.296587
5.2730927
5.226981
5.280728
5.3429203
5.3283906
5.3621726
5.274669
5.253819
5.3281193
5.3909206
5.3437204
5.2722855
5.1621575
5.158059
5.130195
5.1790733
5.2000213
5.009673
5.0766997
5.0180454
4.958896
5.0291038
5.0501146
4.96183
4.89781
4.9415674
4.9072843
4.9503293
4.89827
4.991925
4.9788547
5.0293756
5.0429063
5.093993
5.225245
5.134688
5.0858135
5.0083904
5.155319
5.049448
4.933121
5.1056213
5.2955728
5.406746
5.302105
5.3156695
5.2039247
5.2830367
5.316518
5.4569793
5.4249387
5.4880323
5.4093966
5.588875
5.5319757
5.585608
5.749301
5.776881
5.712955
5.7489614
5.703093
5.8449616
5.5563974
5.492393
5.6056323
5.5316806
5.816197
5.784949
5.7170854
5.697256
5.664798
5.743048
5.6512475
5.7533154
5.6898847
5.6718297
5.5814624
5.67
5.621587
5.768434
5.7004895
5.65204
5.688264
5.733027
5.598981
5.631079
5.5373363
5.617028
5.7123437
5.5560017
5.6081495
5.609531
5.653144
5.6163445
5.674553
5.612373
5.559794
5.66054
5.731099
5.6838427
5.7073135
5.621945
2.3233995
2.4893932
2.4624438
2.6986628
2.3491645
2.3542538
2.5044067
2.5697074
2.5163128
2.4983616
2.6589653
2.4559274
2.3857148
2.427729
2.4182792
2.3467307
2.4032729
2.4220788
2.336595
2.3379564
2.354669
2.3579895
2.4055583
2.3065338
2.337091
2.279475
2.253748
2.14716
2.3460326
2.3720436
2.260059
2.289618
2.3064518
2.392148
2.430445
2.4159198
2.3875964
2.374403
2.3289313
2.365029
2.2983482
2.5089033
2.4524553
2.4927003
2.3966634
2.6070065
2.5070083
2.629584
2.597813
2.6031308
2.9004936
3.057559
2.9260297
2.99758
3.2297997
3.5804725
3.80521
4.0373335
3.8010807
4.500466
4.9465275
4.9406104
4.998806
5.036376
5.088271
5.3358955
5.376291
5.475357
5.4670777
5.5003896
5.664139
5.5488753
5.440755
5.493304
5.660811
4.896151
4.9314365
4.823982
4.8813434
4.8319473
4.960772
5.0568757
5.0240965
4.9879727
5.0795894
5.15655
5.3607354
5.4276986
5.453742
5.5072412
5.5507383
5.460275
5.658909
5.520075
5.644319
5.585915
5.782811
5.9143047
6.0003424
6.2138267
6.356285
6.2625933
6.1750927
6.197095
6.1486144
6.0871916
5.964632
5.9103613
5.8953733
5.8720846
5.8457875
5.7589884
5.7457714
5.770664
5.828171
5.8638163
5.8754854
5.913593
5.788079
5.840519
5.8393617
5.79856
5.7226567
5.772467
5.5451694
5.6168356
5.434874
5.3595505
5.2720356
5.1472173
5.134524
5.0659423
5.0976315
5.153738
5.0536556
5.090985
5.1611543
5.1683917
5.0876136
5.1618996
5.0564003
5.079701
4.977719
4.882864
5.0287237
4.981392
5.046742
5.0655518
5.0543833
5.0091987
5.0512753
5.083757
5.056963
5.054269
5.073966
5.051265
5.0762773
5.0756636
5.0366716
5.104259
5.2651362
5.2809687
5.188574
5.2277822
5.2056565
5.292348
5.171038
5.137014
5.149027
5.171316
5.18542
5.1952434
5.3080707
5.310937
5.2224665
5.27483
5.2310224
5.3103347
5.3249454
5.307381
5.287957
5.38004
5.290532
5.358348
5.2309084
5.2865195
5.2642984
5.2657385
5.3110623
5.269042
5.2906985
5.3854938
5.3471284
5.399911
5.2768645
5.418851
5.383006
5.4393334
5.356362
5.3923206
5.383484
5.3444257
5.3460703
5.469465
5.3992286
5.4902124
5.519837
5.496524
5.502034
5.5166545
5.5066924
5.549083
5.6088915
5.5654182
5.6145673
5.579905
5.6053514
5.6230187
5.609925
5.6734657
5.6855054
5.6631937
5.669123
5.758223
5.650505
5.6448975
5.638174
5.6477823
5.659791
5.592428
5.7172904
5.630563
5.6214514
5.658347
5.5890236
5.68945
5.715639
5.719572
5.6786604
5.7435136
5.631996
5.7030106
5.613844
5.7015257
5.4873095
5.3653736
5.2579694
5.363461
5.4582434
5.4100323
5.2215405
5.1637487
5.2174144
5.3476214
5.2788258
5.222533
5.2033916
5.1920586
5.202181
5.235451
5.1735454
5.252754
5.1418533
5.2346807
5.20438
5.155818
5.1589785
5.0031643
5.069468
5.1120777
4.992477
5.264328
5.17794
5.190405
5.3271503
5.365948
5.3632445
5.4117603
5.3502865
5.366518
5.422592
5.3607197
5.441127
5.385402
5.4176893
5.383555
5.393336
5.3979597
5.4304757
5.46635
5.4615774
5.3597207
5.310371
5.32932
5.3830843
5.2420044
5.189642
5.22205
5.14729
5.184542
5.160955
5.1988015
5.150879
5.148107
5.263025
5.140831
5.101006
5.159037
5.1201477
5.1272163
5.08609
5.177259
5.297657
5.2298284
5.1494265
5.059869
5.1654444
5.140895
5.1171203
5.1066084
5.329781
5.3521643
5.3160305
5.3903284
5.5179276
5.6947255
5.670129
5.747773
5.874001
5.960989
5.970889
5.9856505
5.947253
5.95697
5.999412
5.9844112
6.053215
6.082118
6.1188684
6.092717
6.2343454
6.12698
6.354716
6.140633
6.3766494
6.19362
6.184474
6.2804575
6.2146
6.300498
6.38814
6.255618
6.326525
6.2262897
6.2389107
6.182412
6.2428
6.17464
6.235645
6.141426
6.1940184
6.135323
6.241326
6.1810565
6.244045
6.1827044
6.246503
6.1735873
6.202284
6.2120614
6.2528877
6.2028565
6.178085
6.189261
6.2584705
6.12209
6.195279
6.1481676
6.1601915
6.1100636
6.186916
6.119927
6.1993384
6.054589
6.1493917
6.025135
6.0819774
6.107214
6.1063423
6.0326166
6.1269593
6.0618925
6.070832
6.0250664
6.0018215
5.9633102
5.945398
5.9055862
5.9668016
5.970624
6.0247173
6.0298862
6.0451326
6.061723
6.08987
6.1575994
6.166498
5.8769526
5.913937
5.8056574
5.676076
5.573879
5.482386
5.4578347
5.245645
5.1673837
5.0438347
5.003647
4.9536495
5.0528016
4.800479
4.8960867
4.834156
4.825156
4.989245
4.7518854
4.9222183
4.751687
4.7988734
4.819072
4.825411
4.9096
4.888528
4.93149
4.917501
4.9270697
4.9143786
4.9213967
4.9121747
4.8822803
4.8594055
4.8971424
4.9379888
4.9202175
4.9530215
4.9426265
5.030188
4.96092
5.0391755
4.9706855
4.9998245
4.950385
5.027604
4.9373155
5.010575
4.9335403
4.9938974
4.9396486
5.0156407
4.9319873
5.012736
4.957818
5.0240283
5.037798
4.986988
5.004083
5.024147
4.9862213
5.0101867
4.995954
4.9915423
5.0200286
4.986563
4.9921026
4.990411
4.9977612
4.9808226
5.0352416
4.993287
5.0181227
4.9707627
5.000861
4.9627266
4.98376
4.970119
4.954876
4.9517655
4.9088297
4.9959087
4.916636
4.990128
4.883798
4.941744
4.899011
5.036823
4.8842964
4.916797
4.9218316
4.9003625
4.868421
4.8972144
4.9136453
4.9146385
4.9322968
4.9826536
5.0045915
5.1894712
5.212907
5.217347
5.256063
5.365686
5.2956686
5.2628207
5.2482967
5.174127
5.0749397
5.1227517
5.2488465
5.182619
5.2491283
5.2651076
5.280627
5.258394
5.1996765
5.156949
5.192803
6.4693522
6.4447703
6.503499
6.3481135
6.245916
6.2177587
6.142122
6.2351766
6.140507
6.106293
6.0159283
6.064707
5.9767694
6.0364695
5.9554186
5.951095
5.909089
5.929515
5.9408226
5.936749
5.8331685
5.9070888
5.869251
5.884127
5.894205
5.9722204
5.920214
5.9151826
5.9621735
5.9590454
5.868051
5.9154043
5.870602
5.8870306
5.8910494
5.8924556
5.925258
5.9157076
5.92471
5.89529
5.8481016
5.9103446
5.9077773
5.866058
5.9082704
5.9083557
4.942777
4.871101
4.918218
4.981744
5.044527
5.0078406
5.069767
5.1513557
5.068867
5.220984
5.0634484
5.1939807
5.086415
5.2643385
5.044574
5.282487
5.097146
5.2566805
5.0551963
5.266184
5.0913887
5.2500405
5.1166353
5.3320704
5.171386
5.31518
5.125707
5.342479
5.151552
5.3278003
5.054583
5.2808633
5.175995
5.2705274
5.1371913
5.2555714
5.137406
5.276779
5.127955
5.331993
5.1359296
5.3296595
5.126836
5.3137975
5.1386075
5.2631326
5.145333
5.269628
5.074246
5.291419
5.1365743
5.3274393
5.110178
5.306274
5.1058955
5.2894144
5.09999
5.3091836
5.101865
5.334109
5.1508713
5.358196
5.1964564
5.347845
5.174245
5.380102
5.1900253
5.345578
5.2240357
5.347203
5.205256
5.35618
5.2757864
5.2666516
5.2816286
5.3527427
5.3120937
5.364077
5.295467
5.205884
5.2516937
5.1819987
5.163218
5.202946
5.1352715
5.2173486
5.139303
5.214203
5.1254334
5.2881074
5.124708
5.2478313
5.105636
5.32279
5.1399355
5.316526
5.1986046
5.2624164
5.1980186
5.304967
5.1944146
5.3210926
5.2333775
5.3339963
5.233059
5.2619596
5.207995
5.306807
5.1852007
5.317477
5.2307777
5.3176236
5.244081
5.2283187
5.228526
5.3039856
5.1800084
5.2012334
5.222437
5.2042303
5.1888313
5.2814403
5.188298
5.2567167
5.155258
5.240919
5.1711283
5.240181
5.1930766
5.2249126
5.1935477
5.230571
5.1189427
5.220296
5.1242495
5.1032724
5.1110086
5.1769443
5.153793
5.1594596
5.1344295
5.159027
5.114613
5.133379
5.1121902
5.157552
5.081157
5.1363225
5.112711
5.1685295
5.073159
5.15991
5.1690974
5.2160215
5.181542
5.2317247
5.149546
5.1850476
5.1427646
5.2467937
5.174182
5.2071533
5.2052593
5.218281
5.195662
5.158097
5.23148
5.186126
5.219879
5.16665
5.1838803
5.1443725
5.20399
5.145526
5.1708684
5.162972
5.1609206
5.1062407
5.132797
5.1574464
5.0857024
5.166312
5.126982
5.1874356
5.068873
5.23216
5.077937
5.19556
5.071106
5.1795325
5.093823
5.131279
5.112814
5.1224236
5.091876
5.1339126
5.087654
5.197104
5.093078
5.177218
5.171297
5.196666
5.16963
5.1696386
5.2003593
5.161353
5.157237
5.1770015
5.1030807
5.185197
5.1956196
5.2309365
5.202738
5.2457323
5.2272987
5.2666945
5.2168956
5.8911514
6.039017
5.9774547
5.9139786
5.98568
5.8963165
5.995876
5.9516115
6.006393
5.9188976
6.0433035
5.9524856
6.046138
5.957583
6.049952
5.9348865
6.037954
5.9593925
6.060023
5.959738
6.0186715
5.9570026
6.0239415
5.8943186
5.993762
4.8248634
4.6038003
4.72387
4.589954
4.6265016
4.704661
4.729908
4.6373353
4.7284236
4.6595855
4.7199993
4.6029825
4.6711254
4.591072
4.6357455
4.59072
4.6737967
4.593568
4.757015
4.5460525
4.6746283
4.553707
4.7296853
4.5391383
4.678536
4.6501665
4.585622
4.621453
4.6114984
4.6594596
4.5536437
4.6754355
4.585966
4.6634035
4.5525417
4.648772
4.5264053
4.669349
4.524679
4.65723
4.5269194
4.633749
4.536739
4.5824757
4.520947
4.4813724
4.5125785
4.4384246
4.490615
4.4239535
4.353822
4.37757
4.4147906
4.3543587
4.367886
4.4016743
4.333049
4.4946876
4.302171
4.498865
4.2028127
4.2705607
4.144905
4.189599
4.2163296
4.1249394
4.187496
4.168089
4.2686777
4.134245
4.2931166
4.2514267
4.3761077
4.2908044
4.468188
4.4655366
4.710432
4.662326
4.7444715
4.7306743
4.65948
4.726407
4.6585374
4.7127976
4.6710815
4.820855
4.8867583
4.984524
4.917754
5.050586
5.0367885
5.1514025
5.2237005
5.211703
5.2245193
5.291545
5.383298
5.4408226
5.4562106
5.50922
5.627325
5.5444856
5.713808
5.5508046
5.739006
5.5815177
5.807217
5.619681
5.6702013
5.6612434
5.6747403
5.7064896
5.7610826
5.7232146
5.7444353
5.7496877
5.796882
5.788374
5.798724
5.8772216
5.829937
5.916893
5.8090777
5.9033523
5.8281584
5.9051547
5.8335276
5.901037
5.86657
5.908067
5.8587947
5.9973006
5.897785
5.9592505
5.8861794
6.004159
5.981681
6.141285
6.1083
6.051244
6.145213
6.1554794
6.1108847
6.0648184
6.1935415
6.159666
6.18924
6.081614
6.1823497
6.1545568
6.269514
6.2359657
6.125832
6.062936
6.13184
6.1492443
6.065815
6.008176
6.0251927
5.8783092
5.795384
5.7184124
5.667538
5.6243362
5.626884
5.5323114
5.45552
5.550885
5.4898767
5.516095
5.5078187
5.666506
5.5956388
5.641421
5.5788774
5.5889754
5.66959
5.6526003
5.6389904
5.6559167
5.751917
5.5929933
5.5866656
5.646443
5.62663
5.584661
5.590962
5.6614003
5.601789
5.6264815
5.6101465
5.6593604
5.542527
5.7439575
5.5682254
5.591453
5.5325603
5.5365844
5.5355425
5.5818057
5.4677906
5.4776773
5.5377645
5.473449
5.479018
5.5080757
5.4552627
5.3151054
5.4394655
5.379955
5.3912783
5.3991323
5.3807817
5.39544
5.422706
5.452711
5.434961
5.3833923
5.409544
5.396578
5.432455
5.417463
5.389036
5.394413
5.341137
5.311542
5.3114114
5.2547164
5.233822
5.272852
5.2530727
5.181997
5.14326
5.084351
5.074707
4.9200406
5.1062937
4.9282374
5.097117
4.8514585
5.0712037
4.8136024
5.042391
4.8573103
5.063243
4.865142
5.066635
4.8433166
5.0214624
4.788952
5.0048213
4.801014
4.9234896
4.879294
4.9156237
4.8532696
4.9517403
4.8542914
4.8771467
4.772036
4.9013963
4.768379
4.8248696
4.758338
4.8204236
4.7053885
4.8500657
4.748429
4.8824215
4.81709
4.7223344
4.801018
4.7329354
4.803485
4.748923
4.845536
4.768125
4.7299957
4.770116
4.714279
4.7773976
4.758369
4.763553
4.7668705
4.670202
4.7799006
4.672879
4.7258263
4.739663
4.7121086
4.790645
4.7606335
4.864628
4.8211107
4.8307486
4.8361406
4.838892
4.8773427
4.8487806
4.8433495
4.874975
4.812095
4.828542
4.786933
4.910215
4.9561095
4.930437
4.8828125
4.9557524
4.9014
4.9916983
4.8929715
4.890626
4.830901
4.806804
4.7658706
4.8729777
4.8665485
4.8347487
4.8022275
4.870193
4.7533903
4.8966093
4.795314
4.8837247
4.804342
4.917848
4.8100204
4.8633227
4.7367687
4.8648853
4.7754593
4.823453
4.7156053
4.745521
4.703735
4.799618
4.689795
4.7797117
4.661571
4.7598333
4.6707363
4.7437606
4.6572776
4.755767
4.68149
4.77624
4.713029
4.74456
4.681465
4.822261
4.6742897
4.7209864
4.6892595
4.734148
4.7180266
4.760896
4.7280536
4.801276
5.7435055
5.900704
5.8475757
5.7669477
5.789561
5.8206024
5.794959
5.8797326
5.798813
5.8644004
5.809821
5.8521733
5.8412886
5.9114914
5.836295
5.941837
5.859302
5.900393
5.888869
5.9017024
5.8961954
5.924602
5.923347
5.9796047
5.909385
5.961997
5.9218054
5.967582
5.9267197
5.9764056
5.883237
5.8906183
5.9191084
5.9901547
5.9293303
6.035808
5.9112797
5.9878244
5.9451866
6.03818
5.95238
5.9756575
5.9775453
6.066166
5.9347286
6.0089784
5.945646
4.2298098
4.191836
4.2273345
4.218142
4.2290187
4.2576184
4.26881
4.3072658
4.299942
4.2587743
4.363015
4.3835125
4.105992
4.235179
4.1487274
4.150296
4.1055255
4.1259613
4.118973
4.2975817
4.138539
4.152433
4.3110113
4.1993194
4.264302
4.3238482
4.2663984
4.2824326
4.18448
4.303924
4.198843
4.2537117
4.242938
4.3591485
4.2715864
4.2990413
4.3700013
4.4293756
4.283263
4.37394
4.365067
4.329173
4.3688846
4.327829
4.380351
4.4054894
4.344885
4.361724
4.3438406
4.293824
4.2990394
4.2637997
4.2784324
4.3185673
4.3051624
4.2607574
4.142291
4.1956115
4.2338295
4.315194
4.3277354
4.373434
4.326183
4.3696494
4.3913503
4.4124513
4.3344283
4.3092837
4.293988
4.283463
4.1792083
4.3222837
4.353675
4.2620254
4.249271
4.102685
4.0601206
4.127277
6.0676703
6.1954713
6.1966987
6.229984
6.2048187
6.191481
6.146132
6.233964
6.1397777
6.2980123
6.114477
6.228168
6.236838
6.215275
6.239617
6.287757
6.244312
6.2710295
6.2730823
6.289275
6.2857904
6.271705
6.3155546
6.264838
6.285278
6.2385397
6.2633
6.2465773
6.1192627
6.194707
6.271861
6.54027
6.828157
6.9646306
6.9158626
6.898304
6.9115186
6.655115
6.498408
6.4878674
6.443827
6.32124
6.3102794
6.2199397
6.1513577
6.270242
6.093675
6.004545
6.0647726
6.011265
5.988802
5.916891
6.043768
5.9559703
6.0002413
5.965049
5.9510818
6.001536
6.0661345
6.105395
6.165414
6.3007607
6.2603226
6.284353
6.34295
6.367687
6.49819
6.468144
6.505328
6.4978647
6.565092
6.577692
5.4361005
5.2791595
5.3903956
5.3425965
5.3359714
5.416269
5.278341
5.378909
5.336102
5.431611
5.2887936
5.4148726
5.301739
5.3807664
5.3051305
5.422525
5.347147
5.3454323
5.342861
5.37887
5.385359
5.421176
5.399102
5.4536314
5.399266
5.4589977
5.4595885
5.386195
5.43479
5.4653573
5.418933
5.4481773
5.446098
5.4445066
5.4649515
5.4467883
5.509249
5.449652
5.49946
5.40816
5.5294886
5.4420266
5.5198393
5.4589915
5.5233946
5.496543
5.569176
5.5129266
5.5699167
5.5475645
5.5011597
5.5454197
5.501157
5.5532246
5.6137033
5.63959
5.649059
5.627414
5.6144633
5.762664
5.6479173
5.747176
5.6177864
5.7848983
5.63863
5.725736
5.7178345
5.806575
5.720751
5.7545424
5.657655
5.6911755
5.6543484
5.694845
5.683963
5.6460524
5.689615
5.715306
5.6944413
5.734966
5.674491
5.769189
5.6476145
5.7677727
5.636295
5.7520156
5.6339817
5.7396245
5.589605
5.6752152
5.523352
5.657479
5.7046185
5.705777
5.6120834
5.715377
5.5837626
5.6751885
5.5906067
5.6901283
5.6346064
5.7663198
5.718972
5.7500753
5.7406516
5.7589693
5.7024546
5.8008227
5.6925335
5.781593
5.6920967
5.753539
5.713136
5.767962
5.7457037
5.800926
5.74005
5.796879
5.789787
5.8050375
5.7858477
5.71263
5.7665305
5.784066
5.6864514
5.649039
5.7054524
5.6194353
5.704379
5.678669
5.723754
5.6986113
5.671436
5.6986737
5.668381
5.6723995
5.640554
5.6559834
5.632497
5.674855
5.6787834
5.679894
5.6650977
5.688158
5.6437473
5.659318
5.6322227
5.685212
5.65572
5.7222967
5.667951
5.6318836
5.7031317
5.6587787
5.6567903
5.601664
5.6974306
5.5966825
5.589985
5.5587735
5.5387235
5.5353546
5.6262436
5.5421267
5.5246944
5.5372844
5.561601
5.534304
5.5334573
5.5173326
5.517045
5.539463
5.465872
5.542124
5.4496417
5.5836425
5.4945354
5.5724974
5.5985246
5.537098
5.47944
5.5289383
5.514458
5.5288734
5.436552
5.526557
5.4637074
5.552919
5.47635
5.4950933
5.4413915
5.471803
5.4003277
5.429591
5.425317
5.4404783
5.3797355
5.4677606
5.4123964
5.4469714
5.3671317
5.4057508
5.310183
5.379387
5.3032036
5.3770847
5.3615284
5.3407927
5.3190293
5.325139
5.3618574
5.2818627
5.3277416
5.273718
5.282214
5.2915087
5.3154583
5.298519
5.3494153
5.3341017
5.423769
5.331894
5.4455366
5.3357644
5.3546834
5.3291054
5.4481297
5.32392
5.391851
5.317485
5.402699
5.3153195
5.3834267
5.3014464
5.4061813
5.2583084
5.3420305
5.263947
5.4346323
5.305509
5.3848863
5.312595
5.4518943
5.347368
5.3741856
5.3355846
5.4894214
5.3611712
5.4510665
5.374699
5.483425
5.411548
5.4625316
5.4715834
5.4740767
5.4482303
5.4579096
5.4340587
5.4482894
5.3854
5.4183855
5.385268
5.382053
5.4105988
5.3988395
5.4565563
5.4447384
5.5358434
5.525184
5.5918303
5.527723
5.6041703
5.5532393
5.569249
5.620694
5.656011
5.555002
5.613059
5.5465217
5.5921054
5.552671
5.641885
5.6833377
5.6971397
5.7590137
5.7109146
5.7449183
5.7116733
5.7006035
5.736416
5.630845
5.678587
5.639094
5.6272607
5.636065
5.646498
5.6945357
5.6974
5.7624516
5.6953697
5.7180443
5.678589
5.8682466
5.7135315
5.8678083
5.78805
5.827441
5.846247
5.794607
5.8135037
5.697211
5.7363057
5.69746
5.667091
5.6475706
5.667772
5.585952
5.7554126
5.5943985
5.6991425
5.6171303
5.5969963
5.654187
5.667885
5.571661
5.579518
5.5845995
5.495002
5.5990176
5.491583
5.64751
5.5202026
5.5641394
5.3849044
5.4917364
5.4878817
5.4557014
5.5202847
5.4061294
5.5146003
5.467622
5.480425
5.5229354
5.5415926
5.547427
5.6021423
5.571185
5.6546254
5.719839
5.770166
5.785949
5.635258
5.7910023
5.7923965
5.8712187
5.8836102
5.6765637
5.757209
5.7387977
5.6915793
5.6706734
5.7350783
5.725442
5.7659187
5.771136
5.8844047
5.76568
5.8556848
5.739884
5.8003693
5.8537655
5.7603574
5.858895
5.817726
5.85446
5.86547
5.929019
5.879463
6.0784364
5.9143643
5.965982
5.8850217
6.0464664
5.870625
5.9631796
5.8457065
6.0528526
5.8640385
6.0275965
5.8858476
5.8864803
5.782001
5.805879
5.8236065
5.8898506
5.881084
5.8668056
5.850289
5.95076
5.8738503
5.85802
5.9283156
5.870394
5.869824
5.9167557
5.8342247
5.8369346
5.85335
5.858056
5.9897776
5.831512
5.905681
5.8370953
5.7838783
5.743635
5.7644467
5.825518
5.8205414
5.8242946
5.8805065
5.8408523
5.855504
5.8222694
5.890605
5.7918468
6.0860815
5.965751
6.0041795
5.8573937
5.982069
5.9403768
5.954287
5.9329815
5.9687643
5.773311
5.8511124
5.8205214
5.861504
5.8109374
5.8308077
5.733598
5.724593
5.811691
5.758875
5.8806357
5.81722
5.8515863
5.8378935
5.847761
5.7961464
5.831396
5.950399
5.8354864
5.831534
5.753672
5.721197
5.680951
5.707939
5.5920773
5.6488075
5.637124
5.6077952
5.5446944
5.5666633
5.553833
5.5131426
5.5549836
5.529206
5.5329685
5.553294
5.5660057
5.5045867
5.5693426
5.5382533
5.542914
5.57077
5.597265
5.5207543
6.261845
6.2017293
6.1341033
6.2323947
6.218233
6.3862963
6.4478145
6.488194
6.423091
6.4913955
6.6264033
6.5768104
6.576082
6.5831685
6.708076
6.6954393
6.7520566
6.9224668
6.795736
6.845732
6.7435203
6.6680155
6.5801663
6.52095
6.477022
6.3488593
6.375854
6.2150674
6.3154116
6.220178
6.3099422
6.35223
6.381802
6.358949
6.36157
6.4236493
