10000
7.7511764
7.7336373
7.474721
7.291224
7.1894403
6.899273
6.579637
6.540372
6.6750436
6.906907
6.986094
7.1260095
7.169161
7.172888
7.2515707
7.3148355
7.158783
7.0386405
7.195633
7.1991625
7.6444206
7.709875
7.595886
6.926901
6.2345095
7.209041
7.574185
7.577403
7.4143677
5.995139
4.151936
4.1454496
4.7009277
4.701633
5.0813613
5.3294926
5.336127
5.2843323
5.243884
5.132239
5.063262
5.1216245
5.4638743
5.1067452
3.5576234
3.6270692
3.883317
4.2037425
4.6438785
5.0965285
5.4843597
5.9844947
6.175599
5.7907305
5.1470833
4.868135
4.80479
4.877407
4.798537
4.802876
4.804034
4.972176
5.252006
5.3099422
5.7531314
5.9253073
6.1167326
6.049171
5.9340205
6.217981
6.3951416
6.4206095
6.526185
6.8027806
6.878595
6.9298472
7.203471
7.404093
7.306448
6.8566995
6.147567
5.08009
4.950944
5.358272
4.738325
4.4012733
4.1803055
4.2454414
4.106385
3.567341
3.9483504
4.3866105
4.4156685
4.1055546
3.1949332
4.092132
4.53765
5.0633926
5.255506
5.208173
4.907132
4.1692114
5.241609
5.7357936
6.5093956
7.264436
7.9768395
8.164771
8.302407
8.204773
7.47988
7.4603868
7.8707004
7.4888706
7.097401
7.0762577
7.247631
7.7449226
7.7875404
7.4744277
7.320513
7.214636
7.556435
8.000549
7.8780313
7.760317
7.666869
7.492578
7.5487323
7.427072
6.982651
6.0733676
4.4086103
3.619968
3.508555
3.1098027
2.5608819
2.5569923
2.5761216
2.793662
2.7931933
2.610929
2.6096244
2.8222575
2.5240965
2.7495887
2.7870343
2.6308331
2.9316888
0.6076492
0.64220417
0.5964821
0.59794724
0.58637124
0.57495004
0.6097446
0.5365027
0.4907686
0.4855388
0.4356828
0.45709565
0.44609585
0.43116698
0.43863842
0.4646932
0.5583154
0.5221733
0.51514494
2.534761
3.1538224
3.6892936
3.6908255
3.3072805
3.6041124
3.4249814
3.489782
3.5486634
4.0241933
5.2176566
6.683271
7.522093
7.210418
6.998096
7.3898883
7.043843
6.6409097
6.2495403
6.5163984
6.66359
6.778128
6.573176
6.26226
6.0050073
6.1011424
6.0574117
5.899677
5.698535
5.8255734
5.713078
5.650807
4.0038404
2.89082
2.493537
0.26463997
0.29348198
0.30088118
0.29780227
0.38602835
0.39677045
0.39152712
0.3751035
0.3186682
0.3512222
0.32006672
0.34189475
0.3812281
0.37604937
0.40681067
0.3876547
0.39250895
0.40804452
0.4127732
0.3889369
0.40596032
0.46150395
0.47390908
0.526646
0.5065099
0.51609993
0.5544615
0.5619384
0.5555761
0.5387397
0.540926
0.57425314
0.58599645
0.53030103
0.55360126
0.51545
0.51909703
0.44363958
0.5431137
0.5615639
0.38962877
0.39629528
0.38569537
0.3687886
0.35079643
0.386184
0.37951893
0.39042383
0.3854945
0.40343437
0.35891083
0.34997433
0.30523238
0.3181578
0.37502342
0.33404088
0.33087277
0.29528144
0.3113895
0.37351176
0.37867913
0.30971658
0.31631207
0.3240645
0.34121495
0.33459553
0.3164283
0.33572045
0.33365703
0.26160213
0.27418113
0.27783564
0.24552108
0.25496045
0.27767688
0.2885447
0.33424124
0.3047677
0.28275824
0.27490938
0.29426214
0.265172
0.28944024
0.28914508
0.27871758
0.3048922
0.2823332
0.30269113
0.28664398
0.3075299
0.28855136
0.35156235
0.3599384
0.405959
0.37495998
0.37662184
0.32925954
0.34186843
0.32854617
0.32042465
0.3143369
0.34512725
0.35171348
2.2497888
4.1835723
4.455885
3.578461
3.6510992
3.7078645
3.2195394
3.9085126
4.1036205
4.1771636
4.1660748
4.248415
3.4407923
3.1399057
3.1865113
3.3186507
3.285687
3.1435492
3.0107834
3.4753487
4.2080083
4.376001
4.811103
2.731509
3.0922868
3.1952858
2.5989432
3.625773
3.9451807
3.3368788
3.2645886
3.4542294
3.5156581
3.1048539
3.0380056
3.321426
3.4448168
3.2886753
2.985549
1.9220687
1.3225255
1.346997
1.2615614
1.4991733
3.0287664
2.7621465
3.4345167
3.0475173
3.6198795
3.7130415
3.3997679
4.139554
2.9353998
2.646308
2.887069
3.011421
2.8274438
2.9901693
3.3193333
3.4799552
4.329309
4.6369762
3.7094579
3.945828
4.329797
3.2079773
3.7473872
3.902386
4.604757
5.1904397
2.4325666
3.6572719
4.1493816
4.3177295
1.3976912
0.4809937
0.9149092
0.47350466
0.58517647
0.37136766
0.5630688
0.30187994
1.194584
3.2053835
4.099958
4.488489
3.812675
3.784969
3.1619556
2.928328
2.6710198
2.647157
2.6357114
2.3437963
2.3892918
2.9328344
3.2447186
3.1501703
3.1355622
3.4339564
3.5573008
3.7427912
3.4068706
3.4313526
3.7626643
3.4671388
3.1765487
3.518428
4.922644
4.979108
0.8222358
0.7413284
0.84224725
0.80074185
0.7368715
0.94490916
0.7037328
0.88639456
0.7866256
0.7330544
0.7273105
1.7288039
2.8722966
3.628695
4.28977
4.8320417
3.756052
3.3406785
3.5444171
3.6634462
3.055222
3.1875641
3.2832432
3.6332939
3.4301705
2.655073
4.6904173
4.9346213
4.9552307
2.9754684
2.6288707
4.029713
3.1220057
2.7649863
3.7900999
3.6765416
4.0513687
3.247142
2.8640778
2.4477644
2.8602731
2.943235
2.505374
3.4355552
3.7311792
3.5498562
4.489718
3.082444
3.4884398
4.2091875
3.8949857
3.9520836
3.687686
3.423875
3.5304434
2.8446264
3.2717981
2.6257827
3.0373797
1.116557
0.66256994
0.7554915
0.92354894
0.9591459
0.98777807
0.8213587
0.99668086
1.0284426
1.0066113
0.7906718
0.870591
0.9141867
0.785347
0.68377274
2.8120034
3.3005867
3.971322
2.6785557
2.7924428
2.2798111
2.086674
2.2795467
0.79048824
2.1344652
3.1168554
3.3487935
3.3942986
3.4882185
1.9047195
3.4186878
1.8727075
2.137536
2.0576713
2.1129978
2.3127139
2.4869852
2.3833156
2.4271195
2.3893456
2.4656775
2.626261
2.5038793
2.4573112
2.2337923
2.018104
2.0583491
2.3883693
2.7054234
2.5859458
2.8464155
2.7740188
2.7283826
2.702921
2.6783552
2.7576268
2.869827
2.7447011
2.7088566
2.473313
2.7791662
1.8309832
3.1790636
2.7228153
3.146727
4.0489583
3.1335366
4.262049
3.7405643
3.711412
3.403379
3.1542034
3.6928241
4.148624
3.7368104
2.397823
3.0075107
3.60934
3.6619225
3.519385
3.573986
3.588486
3.1093798
1.7196934
3.580097
3.0385187
2.8631678
2.5803149
3.0586514
3.2288496
2.4402556
1.8369694
2.249445
3.307779
3.5786984
2.8681695
3.2995
3.0635815
2.8905025
2.984017
3.2915256
3.3425095
3.498286
3.5131156
3.528598
3.6956835
3.6619012
3.820888
4.0031457
3.9443767
3.4849498
3.1786716
2.9979022
3.0313778
2.4812107
2.6851392
2.7432685
2.5689704
2.5662234
2.41385
2.7742555
2.9821637
3.2343667
3.0674164
2.7971184
2.7780514
2.7888408
2.7435377
2.9435997
3.671064
4.6354923
4.9602017
4.877338
4.9670787
4.941913
4.441838
2.7104206
1.925351
1.3734591
1.5383884
2.2592099
2.182289
0.9387422
1.7190465
1.7667117
1.596513
1.8549243
2.0694804
2.1407964
2.3933709
2.5131671
2.4700615
2.2311988
0.51326305
0.5531706
0.61589
0.58643156
0.7102699
0.67467964
0.6624589
0.6545721
0.7285209
0.61778617
0.6214116
0.61954075
0.60475934
0.60005987
0.620765
0.7937731
1.856204
1.9205035
2.2429924
2.8405466
3.1210697
2.8181863
2.749565
2.8000662
2.5703983
2.378459
2.503284
2.9496677
3.3913245
3.3905208
3.574757
3.0220509
3.5072253
3.593079
3.0677872
2.9511762
3.069227
3.6873605
2.8365698
3.829437
3.358063
3.1965325
3.3730438
3.7941854
3.5406275
3.3847756
3.291641
2.941908
2.4821835
2.8516123
2.3638291
2.6974754
2.3924918
2.4224083
2.8405478
3.0907438
2.9197493
3.2879307
3.2750444
2.9409156
3.204211
2.5081258
2.503512
4.0228553
1.8481803
2.8367567
3.1774163
3.1978045
3.434428
3.511494
3.4660902
3.457457
3.3359144
3.177293
3.2494903
3.6521516
3.391559
3.5292392
2.9850574
2.3195865
2.7681887
4.1845765
4.2755523
4.1583943
3.463969
2.2897766
2.1083865
2.4458954
2.5814173
2.6887534
2.6944904
3.7418482
3.7207034
3.9103804
3.6585574
3.3379014
3.0557432
2.7693305
3.5281847
3.2218726
3.367129
2.4790795
2.9197392
2.9539049
2.0028389
2.191621
3.0811214
3.396499
3.0145316
3.3835914
3.7803288
4.0415006
4.1349435
3.837669
4.050456
3.728112
3.7610023
3.534226
3.286164
3.496151
2.9664636
3.1775262
3.4748032
3.8844628
3.323235
3.5737882
4.212755
3.8040485
2.258237
3.093855
1.8367306
2.4499683
2.8357255
2.7303097
2.610658
2.9680033
2.882373
3.1590493
2.883635
3.2728477
3.7926617
3.289882
2.8878546
2.2935123
2.3465686
2.7408717
2.882467
2.8473785
3.1952515
2.6429052
2.5104148
3.1339898
3.4761708
2.7316573
3.4644926
3.0186288
2.596414
2.5355184
3.1631284
3.14515
4.178291
4.118293
4.467608
2.399216
3.669113
2.6496978
2.8256667
4.3977804
2.6971216
2.91719
3.0466094
3.4343371
3.4623642
3.6217322
3.2237408
2.897233
1.2634567
1.1379431
1.398694
1.4303176
1.4972281
1.4086126
2.1075087
3.012919
2.7786036
3.6329317
1.24574
1.2522264
1.2281244
1.2002908
1.1925635
1.3348716
1.208651
1.3600584
1.3340386
1.3610051
1.3957868
1.449527
1.495336
1.368217
1.32897
1.4865384
1.4685919
1.351979
1.2594082
1.2545612
1.1454256
1.4188743
1.3607252
1.2552353
1.1371493
1.2013985
1.0313838
1.1063305
1.1344293
0.85718125
0.71860915
0.83412737
0.734309
0.73071223
0.72521335
0.69196963
0.06750045
0.7655874
0.69415987
0.72256833
0.59697884
0.586017
0.6027079
0.70897037
0.73274964
0.7005542
0.7520451
0.72634846
0.70403874
0.6414969
0.7201538
0.83381504
2.7794414
0.7880224
0.97231257
0.85165435
0.8400634
0.6475213
0.8402561
0.91667515
0.79114515
0.6177573
0.7219296
0.7292279
0.69188327
2.7491302
3.2212844
2.787798
2.401576
2.093845
1.9957291
0.49749398
0.45444775
0.41187033
0.51048636
0.33485648
2.3990734
2.5599146
3.3577073
4.497216
3.8993676
3.3422518
3.462057
3.2263246
3.6785784
3.183754
3.4857445
3.7388883
3.7232797
3.6630409
3.744176
4.034828
3.9615207
3.9386806
3.8068743
3.679806
3.4576015
3.3015513
3.3991702
3.215215
3.1208498
3.468194
2.9744785
2.9424303
3.001781
2.962452
3.128008
3.1738188
3.1209393
3.2867434
3.4919143
2.8034937
2.6931899
2.8619921
3.3677263
3.5411336
3.7896748
2.9594011
4.003011
3.7121415
3.8891354
3.9758034
3.5678065
3.898567
3.3197365
3.3336143
3.588799
3.6189551
3.6435122
3.1702302
2.807662
2.6923938
3.0454478
3.0354972
2.45091
2.8846085
3.7958672
2.9271696
3.1956313
4.2468996
4.827759
4.189238
1.1513356
1.1447664
0.9952025
1.1357691
1.1325209
1.1492908
1.1764345
1.1368668
1.148111
3.6518612
2.368125
2.067523
2.82686
2.0203922
2.5137074
0.56726927
0.53254443
0.51365095
0.87829113
0.966517
0.97544134
0.8235293
0.784257
0.63872236
0.8118842
0.6639359
0.70629996
0.66142744
0.6317256
0.20689555
0.5650405
0.674945
0.81863964
0.8186175
0.7958532
0.5656855
0.56249267
0.47624078
0.53854114
0.5170868
0.46764332
0.47888482
0.5686377
0.6156045
0.6227151
0.5749225
0.7146617
0.6167096
0.75861806
0.6646791
0.5676983
0.5610802
0.6506972
0.6445226
0.38288942
0.44350994
0.5100942
0.5192494
0.51594687
0.61499447
0.42163843
0.42753494
0.59486115
0.36596364
0.5431294
0.3689019
0.48466653
0.83957994
0.61738294
0.6159425
0.54356766
0.34079498
0.37055048
0.17970403
0.2785845
0.30036524
0.23619823
0.27816325
0.23525615
0.29290408
0.18401083
0.23388125
0.40309337
0.61730945
0.49095708
0.44343314
0.4556322
0.4031305
0.49830213
0.397299
0.5707365
0.51779044
0.6033779
0.39103585
0.62656754
0.52257526
0.38146442
0.4334939
0.4855287
0.47637954
0.48152295
0.63413316
0.5240511
0.5553297
0.65697527
0.68386054
0.5832698
0.6603221
0.5617568
0.7025095
0.70855176
0.7122944
0.70604014
0.7239775
0.5937662
0.70575756
0.95102674
0.8910698
0.9909663
0.7825465
0.8080489
0.92581594
1.845889
3.0487123
2.0899117
2.6942112
3.2840228
3.329094
3.3790457
3.0402455
3.1322029
3.6487172
3.6011539
3.650624
3.6187375
3.544992
2.7796633
2.9000256
4.3624387
4.1653104
4.227443
4.330484
4.386702
3.5700762
3.606172
3.5816984
4.0373106
4.196819
4.236063
3.9789455
4.7464447
3.3753798
3.0400224
4.6535773
3.4252517
3.887826
3.785262
3.4875624
3.2342305
3.1553528
3.3192964
3.4130416
3.4503605
3.5559103
3.85817
3.8400934
3.8002248
3.578466
3.261032
3.109674
4.247396
3.5089655
2.8809488
2.7562444
2.306049
2.362306
2.6450865
2.478152
2.7476087
2.2671633
1.6670501
2.2316866
2.5241818
2.066308
1.8921137
1.4113585
0.9363027
0.7949883
0.9039829
0.92035383
0.99716884
0.8635629
0.98039734
0.8393347
1.0704
1.0318586
0.970876
1.0424249
1.0363697
1.0272304
1.0255835
1.0474882
1.0613158
1.0687199
1.0664663
1.0744115
1.053254
1.0564964
1.0488218
1.0071241
1.0102574
0.9758914
0.97796136
0.95751506
0.95215356
0.88543355
0.88571954
0.8888469
0.9065333
0.89097935
0.7386872
0.8371135
1.779781
2.5773084
2.6472368
2.7071292
2.908514
3.0434308
2.840625
2.9683666
3.182625
3.4359848
3.5581226
3.1305928
3.19449
3.2347293
3.2290394
2.6077836
2.477839
2.565378
3.0586298
3.0954838
3.4011674
3.164648
2.7267957
2.9501925
3.3217113
3.2846587
2.9859896
3.1521044
2.7760632
2.6799107
2.7007933
2.9263792
3.0866518
3.4095104
3.7298594
3.6798267
3.6473794
3.4694288
3.8131323
4.3084145
4.233911
4.1095963
3.8696735
3.7120955
3.855037
3.5789547
3.3640938
2.4317663
2.4032197
2.426154
2.1422548
2.1339464
2.3354287
2.742582
3.369269
3.7658057
3.6529884
4.0491133
4.908139
4.865566
2.8928351
0.45557663
0.4077005
0.5299736
0.5226368
0.81580514
0.7613083
0.79179025
0.82961434
0.891527
0.8850043
0.92028356
1.1546948
1.0740697
1.1250855
0.81653214
0.96793306
1.0410997
1.0437222
0.9451979
0.9520925
0.9506751
0.87565863
0.86581814
0.6866406
0.90078515
0.87010914
0.9715982
0.94346595
0.8706486
0.9734995
0.94351745
0.97078145
1.2949787
0.9467457
1.0593597
1.0254436
0.908883
0.9075212
0.8912171
0.8770396
0.8634901
0.9769356
0.905566
0.9339299
0.85489506
0.866422
0.72763085
0.76667523
0.6572747
0.67461973
0.558758
0.6115056
0.5389491
0.5494225
0.45398584
0.41545245
0.38184205
0.3338341
0.3337327
0.3877941
0.37258652
0.28924128
0.31545758
0.10149082
0.20758443
0.26556712
0.31007108
0.3170488
0.5725654
0.53959596
0.58108157
0.8455021
0.5630925
0.6814928
0.5198267
0.48189944
0.5219367
0.608677
0.49286133
2.8814719
0.4565642
0.71316725
0.66358423
0.7309413
0.69092315
0.86518526
0.77518266
0.79630035
0.7568773
0.8631888
0.75766385
0.8058007
0.813624
0.8386237
0.8068407
0.62586176
0.6346164
0.7279028
0.56388617
3.058505
0.6385817
0.50080454
0.63370043
0.44706434
0.63717717
0.39072138
0.33718097
0.2009889
0.23365887
0.20408513
0.22183575
0.22394486
0.21052
0.20452856
0.16267163
0.18227185
0.19439906
0.17154586
0.18472838
0.2203422
0.20063266
0.23814029
0.23565322
0.24739772
0.22995405
0.22554809
0.2431348
0.21213003
0.24605186
0.21957625
0.21331206
0.22865863
0.24517809
0.3002233
0.265061
0.2918337
0.2788545
0.2929256
0.27343085
0.26762825
0.25110605
0.26332223
0.34169623
0.37935674
0.31830752
0.3041527
0.53966564
0.41829562
0.42359766
0.47868297
0.48252702
0.536867
0.48185617
0.55659324
0.4621969
0.5090267
0.4094088
0.5513104
0.529543
0.43067968
0.42513424
0.4523786
0.64321804
0.53361535
0.67899805
0.3678799
0.36160278
0.30268553
0.2425857
0.18339941
0.17816406
0.6452117
0.13896994
0.18396194
0.2057469
0.2530957
0.17416337
0.19355841
0.114881165
0.14277712
0.15342647
0.2878468
0.24622478
0.22307307
1.1984725
0.21867882
0.20949674
0.21609896
0.17911969
0.18194656
0.28900164
0.29607865
0.35905537
0.3388275
0.31494465
0.3993985
0.3510505
0.3616841
0.4220743
0.42173332
0.4502539
0.39752725
0.47049806
0.39628923
0.430211
0.5210513
0.49135444
0.55974543
0.44229832
0.51444054
0.44559136
0.51000226
0.45461103
0.49420968
0.47523484
0.41408038
0.46275893
0.39149672
0.57817316
0.49658394
0.6619756
0.6173856
0.6744495
0.43870562
0.4160918
0.28058589
0.280761
0.3081313
0.23673408
0.23612204
0.43605435
0.98605305
1.2416041
1.5311861
0.7726696
1.1246343
0.72182786
0.6676186
0.73737323
1.4485701
1.7438033
1.209993
1.1906679
1.2237182
1.4170932
1.3761256
1.1950119
1.0463853
1.0424621
1.2528884
1.267609
1.6580899
1.1606333
1.0943463
1.483493
1.6710968
1.3111304
1.7185922
1.0740104
1.1234215
1.3539556
1.2438458
1.3277873
1.383144
1.5666491
1.7671794
1.4990326
1.5758991
1.2689158
1.1960458
1.278632
1.6030942
1.4763318
1.5402739
1.5008972
1.724933
1.2893672
0.5726493
1.4250599
1.3242149
0.9960834
0.87306803
0.84176046
1.2401773
1.3640375
1.4784796
1.6192712
0.80357486
1.3153212
1.3024441
1.0368301
0.9633495
0.6680379
0.66375
0.7393406
0.6201008
0.6975666
0.6845515
0.6497021
0.61248827
0.6577468
0.5601862
0.63021815
0.60107696
0.5561843
0.49713588
0.56129503
0.5149501
0.5830234
0.5367995
0.63847446
0.5647249
0.65199167
0.55712074
0.63020223
0.5483127
0.61546695
0.5480118
0.61540055
0.5481318
0.6288733
0.49944344
0.57162315
0.5134875
0.5786554
0.5218289
0.7153546
0.61861616
0.70582473
0.7246127
0.6456263
0.64874274
0.6186256
0.7337041
0.6870135
0.65470105
0.61112624
0.7665233
0.76232463
0.5805332
0.7665531
0.8361093
0.9225078
0.8784283
0.7427032
0.9201482
0.6679906
0.5217788
1.5544226
0.5999426
0.38265386
0.75239307
0.7030149
0.81605977
0.7508404
0.7771153
0.7488214
0.8604799
0.7597949
0.87240034
0.8440341
0.8308971
0.90645045
0.8020138
0.8833748
0.8396375
0.9685782
0.8464348
0.9649675
0.8305302
0.9141978
0.96967506
0.9867614
0.9354219
0.83385754
1.28964
0.8933915
0.81854504
0.8697008
0.8570593
0.79534376
0.76971865
0.76949686
0.8700398
0.73244375
0.84784126
0.7748572
0.79209596
0.68924826
0.78809494
0.5941351
0.62791914
0.6186854
0.48545036
0.49245706
0.6356147
0.49893397
0.57107955
0.49062335
0.5565815
0.50380594
0.55607754
0.49231482
0.6111809
0.5180513
0.5776437
0.5136638
0.6102709
0.5393131
0.6201132
0.5654827
0.6590889
0.5670844
0.69065654
0.5694734
0.6812346
0.5754426
0.683015
0.58163714
0.68219805
0.5788092
0.67660147
0.5776575
0.64504105
0.52988374
0.62815994
0.5190864
0.57671654
0.53851104
0.61079913
0.57988125
0.6635417
0.6046981
0.73660994
0.62598586
0.6565761
0.54419726
0.5995352
0.5528801
0.6583918
0.5805731
0.6525178
0.57361513
0.6675659
0.5830667
0.6642728
0.5436523
0.651212
0.5792181
0.70784914
0.605244
0.6797209
0.6083196
0.67769235
0.57875466
0.713016
0.58551455
0.69407845
0.56847364
0.66142714
0.55086225
0.62895626
0.55990016
0.65966135
0.56313246
0.6284577
0.65921867
0.7323856
0.6651418
0.7030699
0.5494853
0.66386986
0.91969997
1.7290868
2.2834299
1.4237963
1.3072681
2.429962
2.3784497
2.363245
2.6822245
2.8533108
2.848496
3.0134099
3.068114
2.840711
2.5432072
3.2270446
3.4348578
3.4860091
3.2951477
3.3166976
2.979022
2.8291068
2.6401353
2.3852532
1.6733941
2.001153
0.8919399
0.8544815
0.82356226
0.8058779
0.79828495
1.5856227
1.3789003
1.6190077
1.4669763
1.3578355
1.7606719
3.5960498
2.517561
2.7607613
2.693972
3.1932442
2.5247242
2.5566108
3.1995456
2.5480635
2.1611884
2.1183438
2.7659569
2.7700236
2.6621752
2.4687023
2.9471526
1.198374
0.9191945
0.84420496
0.82342786
2.4943817
0.8325654
4.0128493
3.1022077
0.8033563
0.7895626
0.71706736
0.71340954
0.71640533
0.8915453
0.77919364
0.82761806
0.89672434
0.7258442
0.80936444
0.7387436
0.8278371
0.7837177
0.88845694
0.8954197
4.893716
5.8245854
0.59176093
0.5296324
0.64965624
0.6865004
0.6114928
0.5575084
0.66563606
0.5111099
0.6675857
0.5559867
0.67453665
0.55336547
0.6527852
0.63010097
0.86852765
0.9294403
0.6311133
0.6099881
0.75227267
0.7171677
0.6098344
2.0879774
2.8467245
2.5859032
3.4476125
4.0557904
4.605729
4.289924
4.082798
4.3253717
4.250656
4.479619
4.5679917
4.733605
4.803643
4.8723035
4.7971888
4.8832026
5.05108
5.038896
5.089573
5.0957255
5.1040473
5.0578356
5.102866
5.1142125
5.0324125
4.942869
4.925345
4.95895
4.8985243
4.7838154
5.004502
5.0868754
5.1049786
5.26457
5.320278
5.2103815
5.264418
5.3368754
5.2005653
5.0807343
5.001907
4.747653
4.9588566
4.8567615
4.7532835
4.8271694
4.8062325
4.7523503
4.7263694
4.7695932
4.6977
4.6732273
4.7267346
4.841701
4.7763047
4.800145
4.698522
4.7536683
4.7844396
4.66763
4.788159
4.637185
4.6456976
4.641273
4.567007
4.496439
4.510762
4.760786
4.694081
4.8624716
4.551814
4.489855
4.248157
4.186554
3.7712035
3.874494
3.6587129
3.4875822
3.5229266
3.778432
3.7929657
4.030681
3.9396007
3.841814
4.1086617
4.345426
4.3564816
4.538444
4.6550493
4.361742
3.917303
3.7211933
3.6509736
3.516871
3.2045321
2.9959238
2.977092
2.815547
2.8673263
3.0732613
3.1835372
3.9616778
4.368115
4.645909
4.609348
4.3435316
3.917182
3.5747585
3.4204843
3.4113297
3.3444223
3.53685
4.307132
4.6664925
4.914751
4.923639
4.6389475
4.5749006
4.055943
4.196996
4.1230974
4.667323
4.768528
4.7255797
4.01395
3.780997
3.863673
3.8758657
4.1164784
4.4427314
5.0701146
5.1207213
5.40127
5.0094423
4.913379
4.2126946
3.9036295
3.450983
3.89856
3.1786375
3.6123462
4.125138
4.173872
4.2178802
3.9695396
4.2591577
4.3349204
4.0436153
4.559967
4.8329945
4.6115346
4.292766
4.1335297
3.8653696
4.143942
4.3697453
4.308685
4.585043
4.661003
4.4444942
4.673416
4.7528014
4.4681516
4.2737894
4.038361
4.1799984
4.020338
3.714006
3.643559
3.5509596
3.0161788
3.645129
4.0266757
3.3604681
3.1095595
3.6727562
4.4005947
3.779623
4.4509106
3.6080165
3.2731388
3.0973508
3.1423616
2.955627
3.041561
3.082939
3.1732745
2.9966748
3.1768885
3.3884907
3.3106325
4.074298
4.33292
3.7890918
3.3802993
3.507896
3.6082926
3.7599995
3.7325518
3.770773
3.7853417
3.4692776
2.9320273
2.9585276
2.9711695
2.9625278
3.1512666
3.9802918
3.2641804
3.5127192
3.8067014
3.8425393
3.8390214
4.0528426
3.9980326
3.695989
3.1797903
2.967246
3.700709
3.9142077
3.878102
3.0287738
1.3474896
1.7616142
0.68213516
0.66413283
0.88989437
0.7397347
0.82431936
1.3938495
0.8236339
2.056641
0.80009526
0.8748178
0.8529783
0.3121375
0.10747406
0.22809377
0.329292
0.38474515
0.42490283
0.4250474
0.4343219
0.40071592
0.4767266
0.4549442
0.46448302
0.45205563
0.5453328
0.6050839
0.51042783
0.49240014
0.4748228
0.61825913
0.48201945
0.39626598
0.7250767
0.46597967
0.57414854
0.4406599
0.66137356
0.39086625
0.3844471
0.31513736
0.4419341
0.4605504
0.4581021
0.6035532
0.58189255
0.35104787
0.41491276
0.6001412
0.52063227
0.3794314
0.56753474
0.71786207
0.7063051
0.6316287
0.7447198
0.75352466
0.7257174
0.6769352
0.6917618
0.7096525
0.8173247
0.860718
0.71359736
0.7439984
0.7062224
0.72908103
0.71213114
0.8202809
0.6731223
0.7047115
0.76987
0.44753206
0.4650846
0.47194648
0.39930278
0.42535385
0.5384252
2.9988527
3.6806526
3.82512
2.9680274
2.6656535
3.4608512
3.1225271
3.201395
3.615861
3.5015624
3.6977243
3.7462454
3.2120147
4.0248466
3.5442257
2.3487322
2.1331482
2.1578643
2.3607786
2.0343122
2.2965126
2.3387396
3.3939366
3.5437028
3.034287
3.3667433
4.0232725
3.6685896
2.989145
3.9643083
5.3904862
3.947539
2.8000493
3.4344287
3.9112506
3.3411784
2.3443072
2.8084838
2.6623466
3.1326952
3.469052
3.7451968
3.8552072
4.3124433
4.960211
5.184158
4.5711255
3.813692
3.9166737
4.191937
3.8307855
4.0094795
4.040528
4.0592847
4.007702
4.052448
4.4319987
5.1376
5.5408964
4.756538
4.418792
2.9633844
1.618884
1.2234092
1.2256082
0.6095819
1.0334331
1.0154532
1.3514518
1.7215497
2.7231898
2.6300163
2.6646442
2.7517197
2.7355413
2.8472397
2.850537
2.8631196
2.8392136
2.575891
2.7166786
2.906182
3.1790218
2.9877582
3.0061593
3.0567162
3.1864305
3.220849
3.3036644
3.35577
3.1085188
3.3640678
3.391354
3.386938
3.5447066
3.775455
3.619345
3.7012935
3.7051005
3.8309321
3.6426928
3.5040054
3.64868
3.403833
3.4142919
3.788026
4.4039674
4.3399677
4.2916036
4.1042633
3.8899934
3.981972
3.8875592
3.934473
4.01787
4.1123476
4.080597
4.051147
4.1027265
4.1760798
3.9356253
3.943523
4.0563817
4.0619903
3.9633532
3.9035437
4.076941
3.9650805
4.044348
4.1381917
4.0703425
3.7580101
3.7348645
3.7304897
3.8034804
4.168752
4.479708
4.44113
4.652073
3.0515814
2.8096452
3.1942303
3.3873107
3.1160436
3.3816485
3.4982905
3.6494484
3.621207
4.075267
3.8479574
3.8475804
4.205058
4.240186
4.3901854
4.4385524
4.6420794
4.7858343
4.675899
4.1811676
3.7356758
3.5277138
2.7966018
3.305383
3.323741
2.443091
2.229182
2.55004
2.4456246
2.435904
2.465923
2.6917198
2.645633
2.6091664
2.6026726
2.6311471
2.5994337
2.4901836
2.5541968
2.6225364
2.626452
2.8375719
2.8783126
2.771954
2.7400222
3.2581327
3.396894
3.3626628
3.2731464
3.3057575
3.2846465
3.333189
3.2467582
3.228187
3.2959337
3.202172
3.1542215
3.227635
3.3709755
3.4567282
3.3760462
3.616276
3.5751023
3.762346
3.8153915
3.7844741
3.513396
3.4738219
3.3132024
3.328553
3.2447271
3.2909987
3.3859854
3.435717
3.3673046
3.2663705
3.381491
3.340209
3.330611
3.3859212
3.465957
3.446193
3.4829717
3.6010473
3.6851308
3.7008052
3.719669
3.6353917
3.578883
3.4252157
3.5313244
3.2811089
2.7035096
2.396057
2.4861765
2.7994156
3.3674965
3.6678298
3.8625255
4.096424
4.0964885
3.9911358
3.9238048
4.03973
4.094914
4.1932626
4.15635
3.0404048
2.9926584
3.1745315
3.4743185
3.589242
3.267111
3.3978841
3.1880853
3.1363137
3.4108129
3.6152396
2.991421
4.1202197
4.3256555
4.7261257
1.4987322
0.5612063
0.68607867
0.6779537
1.0795377
0.7212728
0.653669
0.62084943
0.6541303
0.64174837
0.86332935
1.7414804
1.4230932
1.8469187
2.1118789
4.324459
4.0028415
3.777617
4.434611
5.0512047
2.042996
1.7024591
1.6890472
0.99637485
0.7744153
0.7548961
0.7879986
0.6727628
0.70416397
0.6804933
1.5479258
1.5635417
1.3876961
0.6490583
0.6784114
0.8336877
0.6787298
0.69590044
0.7146618
0.66253906
0.7190821
0.6621798
0.648777
0.64481944
0.86364347
0.67314786
0.7735858
0.9798718
0.7262111
0.73994017
0.67389965
0.61481625
0.7138013
0.8637854
0.74724865
0.7277971
0.68220717
0.7151495
0.64601165
0.6534035
0.6707873
0.7667728
0.68407184
2.102002
0.9107047
0.704571
2.0089347
0.47498232
0.49123722
0.5302559
0.42703253
0.62658995
0.5951378
0.5931152
0.6085575
0.6591994
0.6522531
0.6302414
0.5290413
0.5269336
0.6348586
0.6411662
0.57946473
0.59334034
0.5536162
0.72326237
0.6975042
0.61228985
0.5406433
0.53413177
0.65226984
0.4761567
0.47547856
0.45176828
0.5815609
0.5632267
0.6581506
0.74786067
0.594241
0.58063763
0.7586309
0.65589917
0.6647879
0.719313
0.5923826
0.52579814
0.628175
0.62913185
0.52437335
0.60377717
0.54387695
0.56866705
0.55620104
0.5091976
0.50530165
0.52447015
0.5234139
0.5672758
0.5985028
0.56737185
0.6462924
0.6220833
0.66533697
0.69173664
0.6905705
0.81328994
0.8834946
0.8851313
0.8447033
0.72108626
0.7695539
0.7005468
0.73424643
0.67093253
0.6790873
0.70600456
0.73654914
0.7789589
0.78023857
0.7635994
0.90166503
0.7553883
0.7759179
0.7369744
0.84688246
1.1281269
0.94522876
0.96129197
0.99956053
1.0000492
1.0126215
1.2783296
1.1570404
0.7902247
0.7067573
0.7923776
0.8071773
0.7414364
1.0258119
1.1470408
1.1532847
1.0420644
0.9973609
1.0102968
0.92861086
0.8097928
0.8430902
0.7245452
0.75855154
0.72244483
0.8628155
0.8163444
0.7246245
0.742765
0.80603606
1.01403
1.0463159
1.0742254
1.1205735
1.0410925
1.1557348
1.1027007
1.1314032
1.1283319
1.097758
1.0660576
1.0692927
1.0577084
1.0128654
1.0238533
1.02074
1.0453125
0.98833275
0.955195
0.88181424
0.83350885
0.775731
0.829327
0.7763513
0.8292397
0.9416585
0.88610464
0.8322062
0.714044
0.6710723
0.8333075
0.92133474
0.8453268
0.8845968
0.93572617
0.9080128
0.98717934
0.9619387
0.9719211
0.87745154
0.89918625
0.8727777
0.85863894
0.82077414
0.8053328
0.79157895
0.8938081
0.8731825
0.79254705
0.84410244
1.3450999
1.597366
2.0793705
2.7909086
2.7882373
2.587514
2.6270733
2.9976888
3.452384
3.7957323
4.3830056
4.9147887
4.4463615
3.3281398
2.6267977
2.7156918
2.9642224
2.8890173
3.075699
3.0644727
2.9403996
3.310725
3.8797035
3.9667923
3.8074663
3.7882156
3.6752565
3.654657
3.5879397
3.0611806
2.924815
3.2210846
3.4577892
3.581909
3.6909332
3.9939997
4.4899774
5.0662837
4.821676
4.2215743
3.4003994
2.7328496
2.6208272
2.6752982
2.6967561
2.7373762
2.665965
2.800583
2.9096475
3.3427982
3.3924494
3.501197
3.5467308
3.4876328
