10000
9.127798
9.237327
9.192921
9.400268
8.92462
8.9791565
9.303613
9.143331
9.2880745
9.190886
9.101277
9.146947
8.960732
9.0523815
9.050749
8.94857
8.835331
8.651082
8.737587
8.808553
8.737022
9.031335
8.938596
8.66989
8.637945
8.496971
8.63034
8.524197
8.505807
8.263133
8.211673
8.15591
8.358337
8.497124
8.436259
8.527551
8.633085
8.384264
8.866014
8.652429
8.649449
8.383411
8.490889
8.619658
8.734433
8.4520035
8.339096
8.744383
8.748718
8.735371
8.870145
8.829742
8.854801
8.828064
8.762333
8.773768
8.7898245
8.8817
8.7944765
8.781955
8.784872
8.850282
8.764438
8.745445
8.815352
8.720589
8.679271
8.693654
8.568496
8.687882
8.645617
8.500786
8.796098
8.675664
8.780878
8.703587
8.82964
8.81572
8.883269
8.845213
8.831342
8.83473
8.691293
8.731322
8.72372
8.620267
8.662729
8.667112
8.665026
8.720912
8.706745
8.708515
8.578733
8.590671
8.56603
8.644235
8.614131
8.60494
8.5443535
8.358913
8.46792
8.400161
8.760487
8.588158
8.457719
8.557268
8.584911
8.535778
8.596859
8.643646
8.582448
8.647242
8.6940155
8.677561
8.766076
8.806222
8.771394
8.780393
8.623212
8.609921
8.556469
8.389733
8.422128
8.456358
8.372912
8.339361
8.470478
8.620346
8.534647
8.511658
8.535306
8.557388
8.496244
8.367115
8.434978
8.431701
8.456903
8.406263
8.499349
8.472476
8.594522
8.715681
8.780934
8.849533
8.661631
8.822123
8.878192
8.88932
8.782065
8.750114
8.743676
8.709786
8.8444395
8.745013
8.847836
8.485473
8.318579
8.265935
8.340082
8.506221
8.537757
8.727783
8.796745
8.827254
8.850629
8.707614
8.845178
8.892012
8.873892
8.818886
8.628345
8.694805
8.643437
8.5651045
8.470397
8.502594
8.369929
8.504998
8.524033
8.419109
8.414882
8.405296
8.387109
8.5007515
8.466911
8.519152
8.586739
8.71048
8.562937
8.672014
8.849216
8.776591
8.711424
8.558461
8.36581
8.361826
8.357145
8.460426
8.323715
8.646464
8.409838
8.511318
8.3836355
8.2967615
8.12893
8.088102
8.062092
8.071309
8.117979
8.012065
7.981718
7.8285947
7.837047
7.7781863
7.753168
7.7588534
7.838543
7.8287644
7.9241366
8.0584135
8.142297
8.017136
7.9773726
8.012462
7.833715
7.7711906
7.6978073
7.701036
7.6270113
7.6980863
7.694087
7.7244554
7.8138404
7.8444138
7.937839
7.8499875
7.8218093
7.8232107
7.918444
8.049486
8.134412
8.015791
8.129338
8.053049
8.0177355
7.994619
7.893798
7.940629
7.8958926
7.5256586
7.7849464
7.5812054
7.8514314
7.681425
7.864302
7.9181232
7.849186
7.912185
8.055618
8.030109
7.9905014
7.903388
8.086824
8.055786
7.891966
7.9915686
8.118222
8.054345
8.091424
8.2901325
8.431818
8.381293
8.439176
8.355858
8.468584
8.274615
8.2007065
8.2012615
8.147516
8.219759
8.216744
8.420248
8.444988
8.419144
8.593328
8.39824
8.124958
7.9586444
7.9273653
7.959074
7.931294
7.995445
7.9589915
7.9782405
7.9974256
8.108926
8.018582
8.223188
8.268427
8.229856
8.261664
8.118752
8.25675
8.138032
8.042211
8.017884
7.9808345
7.931114
8.09962
8.004576
7.827089
7.742964
7.7168636
7.8742123
7.8661833
7.6262803
7.898493
7.7424746
7.8761263
8.013561
8.200882
8.100242
8.107604
7.690958
7.463132
7.4035716
7.418679
7.5052147
7.6039395
7.7116404
7.6550183
7.5658207
7.3907685
7.5244946
7.618028
7.544388
7.5341234
7.5524883
7.734219
7.6734557
7.5882354
7.4964075
7.5215006
7.4925246
7.5673504
7.6849675
7.8842607
7.9745264
8.201442
8.144343
8.259214
8.3279295
8.391158
8.324795
8.349369
8.252996
8.24308
8.276326
8.253716
8.186648
8.271406
8.111668
8.133128
8.003207
8.003027
7.8991704
7.8806233
7.8733597
7.6888804
7.4677444
7.5849175
7.4870315
7.2715993
7.3779283
7.320309
7.446349
7.3338656
7.3884983
7.4935293
7.327364
7.547102
7.6403303
7.615491
7.737082
7.7177215
7.8798714
7.9716034
8.019772
8.090389
8.054019
8.088374
8.009939
8.009677
7.9355617
7.766898
7.693048
7.964572
7.67278
7.5845737
7.8285356
7.983559
8.108898
8.252736
8.384727
8.443632
8.302255
8.247445
8.015523
7.8513045
7.7135134
7.4401913
7.4876356
7.4432673
7.2829223
7.3644285
7.3920546
7.386121
7.4601946
7.550854
7.646723
7.695217
7.6633224
7.5185046
7.4718986
7.4911976
7.4515166
7.51738
7.6844463
7.326151
7.457921
7.544963
7.4785433
7.6184726
7.205664
7.269349
7.4087863
7.160023
7.138262
7.0877476
7.435823
7.2032795
7.1500554
7.03718
6.9015813
6.917443
6.801936
6.565091
6.4717565
6.2105484
6.251486
6.249654
6.158818
6.298436
6.2424464
6.3964086
6.466755
6.6210346
6.727246
6.6310415
6.6300273
6.487071
6.443969
6.3618917
6.3399463
6.475246
6.275495
6.248004
6.4003267
6.7967978
6.6852336
7.0122075
7.253031
7.0452266
6.86449
6.606878
6.236473
5.959807
6.037091
5.921292
6.0401363
6.414442
6.232292
6.179853
6.4285264
6.2614546
6.3650417
6.3944125
6.1711006
6.1385884
6.157331
6.2098684
6.1663923
5.9779944
6.225172
6.0581374
5.817882
5.7122803
5.5281434
5.2951403
5.1425767
5.2097783
5.162011
5.3047705
5.2422814
5.1745205
5.4343395
5.4559436
5.375204
5.4577475
5.509711
5.4158955
5.4163313
5.3070574
5.2434893
5.253966
4.931909
5.413791
5.278547
5.4093914
5.40893
5.2117457
5.37263
5.6228347
5.38417
5.514595
5.290581
5.3858905
5.1029344
5.147519
5.2988496
5.553106
5.5883803
5.9718785
5.8660855
5.992875
6.195121
4.6730375
5.2549777
5.3195543
5.444175
6.0611963
6.4073424
6.249657
6.436646
5.9387794
5.9586205
6.075718
6.127734
6.399159
6.5922804
6.633627
6.5489902
6.5020995
6.582452
6.537491
6.684132
6.9928718
6.5365734
6.5389223
6.316117
6.0260496
6.3622785
5.61515
5.8626904
6.2140465
6.338782
6.1062737
6.326936
6.224595
6.248055
6.209541
6.307639
6.396118
6.2317944
6.149442
6.1193924
6.4786773
6.6596584
6.890751
6.710036
6.337919
6.337563
6.3665056
6.3410854
6.05829
6.0085125
6.0379887
6.1363583
6.088744
6.241242
6.1911583
6.0120025
5.871991
6.0341334
6.0754232
6.2198377
6.3332696
6.245464
6.329816
6.415706
6.5786414
6.697252
6.5388684
6.6648264
6.6527066
6.5125813
6.3661695
6.4232
6.225695
5.9469995
6.008214
5.8421926
6.2880087
6.2149563
6.529889
6.4477725
6.5474076
6.6298857
6.961638
7.03244
7.059724
6.8148284
7.193668
7.223145
7.087492
6.7304497
6.76473
6.7686553
6.854386
6.47225
6.551209
6.5186267
6.5797243
6.496697
6.458068
6.601296
6.377562
6.407905
6.424399
6.604533
7.0372567
6.9507337
7.0537257
7.0346537
7.307728
7.052791
6.880404
6.852301
6.9298143
6.809738
6.5668406
6.4404945
6.639294
6.4706044
6.6533947
6.8513203
6.9142785
6.773108
6.6624956
6.833092
6.806267
6.6683607
6.968225
6.4967732
6.664761
6.4818587
6.5057573
6.6534357
6.926816
7.013791
6.8590975
6.468653
6.1771812
6.217494
6.1471305
5.868821
5.7786474
5.6190376
5.453586
5.223049
5.113472
5.207875
5.4469743
5.5989523
5.342457
5.2927933
5.507573
5.700927
5.6346755
5.2914186
5.176831
5.621085
6.2079563
6.4472127
6.6057725
6.2786965
5.945621
5.664307
5.207137
5.1899004
5.0583878
5.0660176
5.330708
5.6332774
5.725265
5.847328
5.947904
6.2519407
5.9760084
6.170292
6.1208735
6.668498
7.0321794
7.1893516
7.1353793
6.982697
7.1944094
7.5035853
7.5672708
7.4942117
7.5169916
7.34327
7.3162794
7.18771
6.9753776
6.77522
6.8070726
6.6300125
6.4615912
6.1730037
6.3876376
6.433947
6.2449303
6.4180913
6.263314
6.2384167
6.1695447
5.865478
6.0153527
6.204215
6.349906
6.2671494
6.3984284
6.575999
6.426567
6.637463
6.4373507
6.4282146
6.6329193
6.7398777
6.853853
6.910886
6.8607407
6.445772
6.06246
5.883463
5.855171
6.202983
6.245857
6.315368
6.3934727
6.3838215
6.562047
6.423148
6.29229
6.5300527
6.2667627
6.293215
6.1088514
5.894832
5.602505
5.5247884
5.696868
5.7585163
5.8199167
5.1236887
5.045096
4.7713165
4.910564
4.938705
5.3380504
5.441431
5.3867
5.381797
5.4283624
5.659244
5.6518807
5.423888
5.862754
5.574419
5.4378767
5.385332
5.3744087
5.602976
5.4706197
5.610602
5.70177
5.986409
6.019418
6.1782327
6.2966356
6.0115213
6.274393
6.1340113
5.867387
5.7465277
5.832797
5.9711185
6.006326
6.0442653
5.9303093
5.846599
5.8388324
5.7243357
5.75749
5.645303
5.906499
5.8193936
6.31444
6.0497026
6.0720296
6.141611
5.966691
6.117263
6.290903
6.3924704
6.633034
6.6674094
6.357507
6.388191
6.163949
6.1857314
6.4334598
6.339808
6.1990104
6.4612207
6.0468636
6.4145446
6.6791086
6.685795
6.7098756
6.7315893
6.803289
6.9620857
6.867616
6.720024
6.9897666
6.7560973
6.9193773
7.070578
6.974921
7.1539383
7.182768
7.233642
7.334801
7.4008994
7.401672
7.318937
7.365404
7.465964
7.160849
7.252678
7.074978
7.1239223
7.0400944
7.204792
7.045643
7.1760635
7.172831
7.2385936
7.2116265
7.2208147
7.1900973
7.193195
7.3071795
7.2507944
7.1707473
7.059069
7.1057005
7.048231
7.1350923
7.178424
7.270046
7.279708
7.2017674
7.2578025
7.1585298
6.8723173
7.316881
6.768519
6.6144433
6.3035107
6.013835
5.857052
5.9834857
6.042919
6.2033553
6.0921736
6.143548
6.020085
6.368213
6.270936
6.439991
6.449086
6.5223913
6.39539
6.688707
6.545311
6.7477484
6.6066875
6.788311
6.8497667
6.6705647
6.765119
6.8159523
6.96861
7.303492
6.949486
6.916427
6.8519173
6.855689
6.616662
6.5556397
6.753419
6.5160265
6.615555
6.750277
6.9481697
6.7873774
6.879079
6.8977222
6.770176
6.9107327
6.8035593
6.869564
6.897716
6.905142
6.838825
6.887224
6.86954
7.0221214
7.138566
7.245375
7.145811
7.034736
7.0816927
7.3028836
7.340388
7.46223
7.5491414
6.953214
6.9007993
6.9275417
6.969432
7.0861397
7.177525
7.099589
7.1718316
7.1643834
7.015671
6.8826904
6.586311
6.544545
6.6669736
6.7128005
6.390217
6.4857655
6.4464526
6.850661
6.700034
6.5146217
6.5240417
6.5957417
6.9054384
6.8905525
6.861103
6.5809016
6.078061
6.1117663
6.2153325
6.780106
6.7991114
6.9379125
6.8503118
6.7843485
6.782263
7.0673556
6.953239
6.9110746
6.964124
6.8826733
6.639538
7.0006323
7.099063
7.355966
7.2387285
7.120552
6.924524
6.9796405
6.865758
6.578256
6.663774
6.865911
6.7658606
6.590504
6.6509066
6.5159264
6.611677
6.620541
6.460916
6.7648883
6.6315126
6.796674
6.793987
6.859725
6.6666064
6.7821984
6.8586245
7.1009717
6.9607816
7.017394
6.7944665
6.635557
6.538117
6.31344
6.393238
6.3342285
6.5188985
6.562352
6.4483914
6.550735
6.5913167
6.7169685
6.7932887
6.591392
6.7788186
6.6839705
6.8244014
6.79325
6.7841334
6.7293057
6.6794505
6.696812
6.712674
6.83358
6.8597374
6.981511
6.7790403
6.8278003
6.7092576
6.8118424
6.64367
6.732965
6.640049
6.858409
6.457043
6.417714
6.359795
6.383766
6.1988163
6.176876
6.0904117
5.693199
5.5855293
5.7226963
5.6191387
5.755808
5.6613994
5.962255
6.519739
6.850495
7.120657
6.6883764
6.722821
6.7425504
6.8531404
6.924289
7.0006547
6.9593325
6.7710958
6.4522266
6.185466
6.318351
6.263738
5.907464
5.9504223
5.864483
6.0239415
5.8788524
6.0382247
6.116582
6.938864
7.0244765
7.001597
6.8156066
6.6867013
6.8216395
6.900371
6.999182
6.862656
6.9233027
7.0792713
6.792741
6.8283596
6.7020783
6.676691
6.9481955
6.881928
6.434567
6.0306177
5.6020813
5.3278112
5.3805523
5.6062546
5.8295836
6.1960015
6.1569676
6.192114
6.2652187
6.2988143
6.160993
6.3152614
6.1528325
6.552576
6.698908
6.640714
6.516048
6.4522896
6.493296
6.504553
6.4918537
6.5096784
6.6228604
6.7357063
6.697025
6.832745
6.830911
7.0450597
6.9696937
6.9478097
6.926365
6.8469877
6.708474
6.6272483
6.612287
6.7299695
6.779428
6.77125
6.6218204
6.42646
6.4156394
6.3846536
6.2439213
6.055702
6.265014
6.0682783
6.0595603
5.9133325
5.912038
5.9505134
5.7084603
5.7405014
5.813126
5.847295
5.909309
6.0217113
6.074874
6.422228
7.0598364
7.30751
7.0370965
7.024951
7.0156336
6.9663744
6.788846
6.6172333
6.5453386
6.545701
6.364724
6.521543
6.5748825
6.570676
6.7808843
6.7243676
6.7587643
6.824494
6.838895
6.8164716
6.797502
6.9514875
6.9599442
6.8300467
6.95397
6.733595
6.75614
6.6292815
6.695924
6.696055
6.5897303
6.7640576
6.83373
6.827155
6.7794986
7.035168
6.862795
7.005917
6.7093396
6.69735
6.6605353
6.7240663
6.766484
6.9858723
6.9188814
6.9456677
6.871543
7.023656
6.9046063
6.762029
6.7714925
6.665522
6.755486
6.892066
6.811597
6.8224955
6.8830466
6.948803
6.9851475
7.0178123
7.182858
7.0174613
7.2581577
7.132753
7.280403
7.4390745
7.49102
7.3055
7.3385425
7.343815
7.37026
7.424592
7.3819127
7.5921717
7.546861
7.6171966
7.2072377
7.181038
7.3053727
7.3196583
7.2720823
7.2573338
7.230386
7.0772247
6.855603
7.003161
6.819976
7.0343966
6.8246546
6.70206
6.5554733
6.6553445
6.625936
6.871885
7.2746444
7.2319098
7.2011847
7.11323
7.0918164
7.0465755
7.0842953
6.9849486
7.173583
7.0430975
7.076481
7.140386
7.135086
7.0461845
7.052692
7.02947
6.998679
6.9772334
7.021455
6.943781
6.810882
6.7874794
6.692253
6.703298
6.8224974
6.565835
6.4956827
6.363699
6.335216
6.309138
6.2489824
6.285868
6.351073
6.2845955
6.1023855
6.1917496
6.178715
5.9137774
5.7565813
5.54464
5.7276697
5.8034596
6.002305
6.152791
6.29041
6.195874
5.921497
5.9644732
5.908483
5.9732194
6.015109
6.2804756
6.570431
6.617028
6.392407
6.320954
6.5214663
6.4809422
6.6471024
6.44525
6.534218
6.499247
6.9510813
6.731443
6.3924484
6.56591
6.552744
6.589281
6.701335
6.4649606
6.121991
5.9485207
5.873357
5.9839926
5.779074
5.9641414
6.1682177
6.070824
6.016565
6.070289
6.068854
6.251084
6.317788
6.4044676
6.4246106
6.55539
6.8284664
6.6997123
7.0361023
7.0612454
6.673315
6.64154
6.588841
6.779173
6.636786
6.56924
6.540091
6.6750946
6.562423
6.6096487
6.4502497
6.4925885
6.469414
6.5287027
6.5167966
6.729972
6.7569323
6.702168
6.510192
6.4623427
6.225397
6.5319247
6.651395
6.6660852
6.6545243
6.818696
6.68849
6.5269337
6.4078784
6.3147483
6.382333
6.370544
6.404774
6.346897
6.316053
6.5078225
6.577808
6.620226
6.648577
6.570939
6.381893
6.2794905
6.3551135
6.343589
6.233573
6.1185207
6.1605196
6.5233707
6.332251
6.391172
6.447993
6.165115
6.107731
6.309024
6.439237
6.305303
6.3835053
6.067133
5.99956
6.0800586
6.2756743
6.287015
6.4039135
6.32102
6.317838
6.2685237
6.377864
6.3970327
6.418809
6.4359736
6.3767085
6.266195
6.159653
6.072104
6.0519514
5.9549503
5.9015927
5.8794813
5.8373785
5.7876854
5.848824
5.788168
5.80627
5.6947503
5.73717
5.7271056
5.8546553
5.7937155
5.7361484
5.6644793
5.26406
5.329592
5.163219
5.158958
5.146267
5.2937746
5.194567
5.3160424
5.635439
5.9202423
5.881951
5.9146204
5.8280973
5.868935
5.871334
5.7495847
6.245529
6.400722
6.2214484
6.1474533
5.982909
5.657956
5.6354885
5.639705
5.745707
5.657193
5.847901
5.5039153
5.455729
5.0039186
4.9373236
4.720254
4.921155
5.212653
5.51563
5.1766477
4.9280925
4.7149506
4.6922197
5.0406733
5.3640275
5.4303856
5.5276103
5.452853
5.362059
5.4136353
5.493092
5.5538054
5.58887
5.5486245
5.5105305
5.4148293
5.270071
5.2101874
5.1754837
5.114307
5.195991
5.0975647
5.1423182
5.133384
5.093235
4.9095316
4.8182373
4.776032
4.836244
5.005272
5.1086254
5.266879
5.3162017
5.3245807
5.415829
5.504644
5.648271
5.706121
5.496076
5.4028788
5.47208
5.5212455
5.3101687
5.5802517
5.6579194
5.724797
5.522477
5.4603367
5.1130786
4.9133296
5.008197
5.002987
5.0619316
5.1123137
5.0613356
5.17964
5.1433787
5.16478
5.2086387
5.0205646
4.9133234
4.968495
4.7506084
4.7510867
4.7852216
4.735909
4.5224757
4.8128905
4.804244
4.5613356
4.7584615
4.70678
4.931374
4.9690695
5.0495296
5.008865
4.902971
4.772451
4.6495085
4.5893173
4.511544
4.477962
4.36869
4.4149976
4.545779
4.3541236
4.468448
4.3879375
4.447237
4.621523
4.659458
4.7533674
4.6272373
4.6506734
4.470418
4.504648
4.6697426
4.812613
4.7389135
5.0981917
5.3061953
5.4476013
5.392369
5.597113
5.514941
5.4801283
5.477062
5.378504
5.5259986
5.510078
5.3820353
5.332348
5.5961475
5.115818
5.2843027
5.599025
5.6148205
5.8823886
5.8985834
5.7807765
5.683129
5.6427894
5.648516
5.527927
5.6609416
5.4358497
5.8214355
5.9930754
6.07515
6.156201
6.1577806
6.1239877
6.1717606
6.019033
6.118403
6.0196095
5.9888425
6.101003
6.026487
6.2127433
6.053537
6.027098
6.261998
6.268068
6.0774245
6.25937
5.745468
6.1299663
5.9632072
5.9909987
5.8004584
5.7748575
5.615111
5.8936877
5.9349737
5.970622
5.915324
5.9045515
5.9259157
5.835305
5.993034
5.987588
5.960019
5.9421363
5.982669
6.0569396
6.0085535
5.9401264
6.078451
5.722833
5.6983643
5.5944047
6.0398407
5.873593
5.8381095
5.802303
5.9857225
6.233831
6.563629
6.6172733
6.576893
6.2759614
6.473322
6.779834
7.3004
7.211171
7.230941
7.262556
7.06337
6.7322087
6.751005
6.7300158
6.5725975
6.445182
6.5971913
6.7059627
6.6071444
6.35801
6.176916
6.0725875
5.9584856
5.97688
5.803517
5.7369814
5.667649
5.6044564
5.4107614
5.376384
5.464581
5.521159
5.690403
5.8126926
6.0338664
5.9779105
6.1030273
5.8836546
5.7281265
5.656289
5.8291383
5.9642196
6.096522
6.2242126
6.191128
6.125005
6.444188
6.737912
6.8619757
7.0165133
7.242871
7.3098893
7.707063
7.776616
7.9814734
7.6456466
7.2243285
7.165154
7.2032175
7.2591934
7.14272
7.0393806
6.9470754
6.9710507
6.917312
6.9378448
6.818831
6.7364364
6.4393888
6.2773867
6.2080383
6.225987
6.05789
6.032775
5.807583
5.831326
5.543759
5.4554925
5.4585567
5.638169
5.8879848
6.052413
6.2903905
6.5634794
6.4567456
6.813892
6.8971815
7.216861
7.384562
7.2383633
7.429013
7.4074016
7.5926223
7.6746087
7.9320235
7.9133854
7.730197
7.3407807
7.2085123
7.2242727
7.4044847
7.4775023
7.682272
7.6211085
7.5951247
7.5318937
7.6173444
7.460975
7.6442113
7.3033257
7.3532324
6.9737053
7.1212277
6.870513
7.15343
6.9621105
6.972991
6.7972383
6.892404
6.474177
6.487232
6.2463307
6.237037
6.3327527
6.6318665
7.028957
7.1740527
7.27386
7.2235155
6.9352827
6.9536695
6.6874175
6.627835
6.902249
7.107914
7.309048
7.13666
7.280407
7.537154
7.795514
7.928039
8.102167
7.871172
7.539864
7.3425155
7.3460274
7.758625
7.8233023
7.761124
7.6424136
7.6101227
7.6566315
7.4113126
7.391367
7.3623996
7.027964
7.0245624
6.711516
6.8887725
6.447658
6.6326747
6.2412047
6.2641025
6.210066
6.265691
6.249405
6.223035
6.132943
6.2435837
6.309063
6.7642756
6.9824677
7.2125106
7.1599345
7.0448933
6.7254877
6.8274913
6.7688737
6.75689
6.6191363
6.7182817
6.5096326
6.397
6.1895647
6.3551326
6.2006984
6.186319
6.108558
6.204897
6.5156565
7.0496798
7.219241
7.1548567
7.2217026
6.88646
6.5444407
6.447369
6.267486
5.89978
6.1326523
6.530119
6.739402
6.438886
6.5460076
6.3761306
6.7060685
6.936934
6.925895
7.041522
7.091798
7.0558534
6.836911
6.9559875
6.996442
6.99492
7.024078
7.0228505
7.1306095
6.984462
7.0722733
7.0410185
7.081115
6.8789616
6.526626
6.4925513
6.6734657
7.135415
7.082126
7.37805
7.4157505
7.5688553
7.699296
7.7787943
7.687959
7.749379
7.4999027
7.4961104
7.6496577
7.7367296
7.8663883
7.8811984
7.6815753
7.62181
7.736571
7.7636504
7.5991416
7.6081076
7.4215574
7.7315507
7.477589
7.771916
7.5607204
7.3937535
7.361358
7.356227
7.3739676
7.200756
7.1646824
7.0262356
6.964344
6.757365
6.7101665
6.708728
6.754531
6.6671805
6.4650745
6.2417364
6.461802
6.2485013
6.4523315
6.7218595
7.3749313
7.118369
7.424363
7.253411
7.422382
7.433141
7.7120857
7.639986
7.772256
7.782937
7.847373
7.848643
8.080877
7.9408197
8.140552
7.7515283
7.442513
7.099279
7.0026636
7.1307
7.0608487
7.18575
7.1786623
7.078533
6.898864
6.991474
6.5889573
6.680903
6.552465
6.741783
6.504228
6.365688
6.5377383
6.406593
6.360615
6.829785
6.568543
6.6984873
7.0394015
6.6147094
6.5940413
6.5248075
6.604563
6.680996
6.8030925
7.0197597
7.1252956
7.1444063
7.345961
7.4286203
7.526974
7.7130585
7.716414
7.7335773
7.608378
7.569932
7.401084
7.489453
7.0997863
7.2307754
7.050995
7.2563543
7.2812905
7.0862646
6.9827724
6.8984566
6.8350773
6.8589563
7.1412306
7.0238004
7.0765376
7.234301
6.827775
6.77238
6.724353
6.650078
6.544491
6.2804265
6.281147
6.315006
6.346813
6.4241056
6.059059
6.151051
5.909457
5.7657433
5.888982
5.7827454
6.105894
6.2782946
6.5377803
7.085462
6.7921753
7.0354543
7.3206477
7.585595
7.1763506
7.3694596
7.2146196
7.201491
7.1906095
7.337875
7.1378336
7.0302796
7.070946
7.2141986
7.142248
6.9429903
6.900464
6.752053
6.738648
6.4784365
6.3195333
5.926659
5.791205
5.880476
5.931479
6.090014
6.1334705
6.189403
6.306829
6.0946364
6.2439995
6.0845265
6.006914
5.8429546
5.9060035
6.137092
6.2840033
6.584034
7.011492
7.075524
7.083901
7.265722
7.358141
7.5732055
7.581854
7.554905
7.864398
7.816352
7.950493
8.016773
7.8039727
7.5792723
7.448714
7.716028
7.514193
7.439478
7.258312
7.1259184
7.0343685
6.9964895
6.9882517
6.570629
6.2877054
6.3321395
6.2233872
6.155124
6.2415924
6.174515
5.9196215
5.712329
5.528645
5.6584234
5.3988614
5.643902
5.520883
5.5577803
5.6501
5.6557055
5.8817964
6.2946444
6.525475
6.654981
6.896223
6.756122
6.9617953
7.1775913
6.787066
7.267581
7.5510836
7.79519
7.5836306
7.7798676
7.786093
7.8952713
7.8254595
7.3878245
7.524376
7.1751046
7.150698
7.0900826
7.0248013
6.8976293
7.0437913
6.834899
7.021487
6.992327
6.923796
6.856394
6.8171544
6.7376146
6.6618757
6.7163787
7.137576
6.92732
6.99896
6.9055653
6.745393
6.6936674
6.3861594
6.363431
6.119822
6.0852737
6.2190886
6.3619647
6.4624343
6.699098
6.7954197
7.087948
7.269648
7.2463007
7.236422
7.160157
7.42766
7.3628297
7.525541
7.4565454
7.2249327
7.161813
7.0947766
6.772873
6.0635514
6.379513
6.268171
6.3558445
6.3315363
6.2996125
6.252697
6.310196
6.301918
6.7536798
6.407014
6.3011937
6.056351
5.995926
6.1795135
6.2483387
6.468685
6.039053
6.008823
5.93476
6.205224
6.081398
6.4630594
6.4600587
6.6198473
6.5078926
6.9464912
6.814986
7.0695505
6.8439655
6.979054
7.0734854
7.0461636
7.0078073
6.885834
6.4397645
6.3269954
6.4921355
6.578232
6.5733438
6.2960534
6.459823
6.400021
6.410863
6.01123
6.217991
6.0403547
5.7409906
5.57495
5.6923923
5.831563
6.041567
6.060243
6.130516
6.2260613
6.32976
6.4767413
6.435992
6.53771
6.56179
6.505481
6.831691
6.6953607
6.9037404
7.0498567
7.0795574
6.8570733
7.078965
6.958737
7.01635
6.9373493
6.916205
6.2187343
6.4043946
6.459988
6.4051423
6.41357
6.3104424
6.2814817
6.204887
6.3202653
6.1992674
5.8237333
5.975512
5.7316446
5.506633
5.970705
6.039834
5.97921
6.245557
5.9361176
6.4870586
6.323023
6.295933
6.013255
6.04322
6.0211596
6.082525
5.7369366
5.9883323
5.471288
5.37387
5.2250967
5.550903
5.837947
5.837441
5.8642063
6.285493
6.225497
6.1871166
6.0416255
5.992552
5.8026266
5.8485904
5.8116155
6.1129208
6.0762424
6.4957004
6.4538803
6.58336
6.610914
6.5309715
6.3204017
6.43412
6.45798
6.4167333
6.2107973
6.3013225
6.1672006
6.262046
6.2663846
6.3616257
6.3788757
6.2523527
6.529674
6.4848013
6.45001
6.4503093
6.375244
6.0881987
6.04404
5.7858214
6.002149
5.835705
6.092647
6.161538
6.4226475
6.4942756
6.709883
6.6875653
6.8910947
7.1395564
7.413011
7.33353
7.181265
7.1795335
6.91257
6.5891457
6.492498
6.497392
6.464217
6.973539
6.7988787
6.8047366
6.4413996
6.3410892
6.50626
6.6098914
6.613481
6.1862116
6.1902623
5.5771112
5.8986063
6.558449
6.6591787
6.5093374
6.996838
7.0764875
7.206093
7.108366
7.0816464
7.1587644
7.120158
6.9691076
7.3423758
7.2758245
7.1216865
6.8284044
7.050944
7.405317
6.988054
6.858955
6.356846
6.516332
6.1995506
6.8817625
6.8472013
7.163972
7.3927326
7.2714686
7.2912717
7.0909944
7.1898723
7.1666913
7.047141
7.21926
7.1648903
6.7660885
6.979046
6.7882905
6.8844757
6.7229347
6.8140855
6.8269467
6.9554653
6.879667
6.778867
6.7749534
6.8591614
6.8243837
6.519572
6.7805753
6.805769
6.7226753
6.739557
6.7729936
6.694729
6.907757
6.7383575
6.6787033
6.6632094
6.867863
6.7364626
6.645583
6.7238607
6.664416
6.9522104
6.774261
6.94466
7.2386675
7.1962914
7.2511773
7.1048293
6.9191303
6.7281604
6.8162317
7.040948
7.1287317
6.7386065
6.79449
6.553556
6.3588033
6.579981
6.667406
6.5448694
6.546311
6.3850284
6.2715983
6.2529907
6.110224
6.165372
6.1853104
6.182976
6.05329
6.0519075
6.2403717
5.912403
6.3630033
6.536088
6.419902
6.1311407
6.051846
6.3062005
6.1453576
6.5130596
6.7684712
6.917004
6.95136
6.9684944
7.296413
7.1979523
7.1433926
7.234065
7.1004834
7.2309203
7.5407076
7.507983
6.9851046
7.0597634
6.8134327
6.7719054
6.477308
6.678464
6.56503
6.393965
6.2261434
6.176165
6.0556784
6.0858846
6.0337343
6.0587816
6.2379813
6.1732635
6.147145
5.994164
5.9633937
5.879224
5.9217305
5.9316278
5.8235116
5.7240543
5.619905
5.4113293
5.2851524
5.096909
5.209443
5.2744627
6.242638
6.777397
7.112126
6.969021
7.084662
6.760255
6.9246397
6.956335
6.908012
6.8288574
6.3614297
6.056136
6.0503907
5.8314414
5.721332
5.678083
5.5720525
5.788466
5.5097623
5.599436
5.572003
5.5716386
5.758282
6.0058556
6.024155
5.960546
6.244859
5.8909836
5.6807823
5.111698
5.0590663
5.0728374
4.9870896
5.2089105
5.4246035
5.438698
5.123898
5.3079066
5.2855334
5.2276635
4.751558
4.40863
3.5801413
2.7465048
2.225322
1.5410417
1.7835095
1.9303429
1.8292191
1.9582857
2.255156
2.3149924
2.2465131
2.2248192
2.3300395
2.3206658
2.349691
2.3244538
2.2745934
2.1640062
2.0518963
1.8612565
1.6575292
1.5876215
1.5889641
1.7059649
1.6202028
1.9243761
2.0546508
1.8456374
1.3267077
1.4051089
1.2135563
1.3437654
1.3458012
1.5246451
1.3067601
1.2614762
1.4699178
1.4549379
1.3299931
1.3340691
1.4304188
1.281866
1.135952
1.234644
1.1982824
1.2771295
1.2142173
1.4197371
1.4762865
1.6285007
1.4359915
1.3106554
1.3269247
1.3728018
1.4052393
1.4209889
1.2135268
1.1873173
1.3765703
1.6941649
1.6637067
1.4918852
1.5373777
1.5017183
1.4081019
1.3885826
1.4603531
1.4147782
1.4118898
1.3392596
1.5370785
1.3473184
1.2846324
1.3922975
1.3991241
1.5183492
1.4545566
1.4749496
1.4547802
1.5331728
1.488829
1.5651704
1.4603717
1.5715088
1.6317472
1.6795588
1.5270219
1.4292814
1.4363981
1.4836413
1.4728043
1.4724514
1.4766482
1.2932737
1.6079515
1.3547852
1.3912914
1.4593822
1.4055213
1.3546959
1.3368313
1.3194141
1.3220383
1.2209735
1.5093836
1.4669955
1.3784106
1.3751134
1.1595178
1.2445561
1.3117627
1.2767324
1.3078961
1.4554174
1.4345446
1.5466697
1.6045963
1.5544659
1.3794403
1.345258
1.4173301
1.4233372
1.4595118
1.4884987
1.5656484
1.5067203
1.2596312
1.3382196
1.3658031
1.3201953
1.2738687
1.3839855
1.4005287
1.3357228
1.3392234
1.4236042
1.6650504
1.5872556
1.7779253
1.8233823
1.7254779
1.3807231
1.5435911
1.7900662
1.3893642
1.502988
1.4279808
1.4974861
1.461251
1.4600468
1.3642123
1.4577193
1.5546184
1.462046
1.4848838
1.6288528
1.6575409
1.6288295
1.7642425
1.5960275
1.6577528
1.5832826
1.6077979
1.6019204
1.5232347
1.4875287
1.5512303
1.5202034
1.6605623
1.5978043
1.6482767
1.6080385
1.6080742
1.988069
1.836263
1.5095894
1.6252153
1.5136385
1.6720946
1.6913009
1.5037193
1.6091805
1.5304503
1.6191422
1.5169361
1.4088844
1.6174412
1.5884645
1.6513188
1.6011351
1.6793578
1.9190557
1.906168
1.8372355
1.7585253
1.9731328
1.7921644
1.8239791
2.2182994
2.0186393
1.7427149
1.5985885
1.5820653
1.7103041
1.6045471
1.5646042
1.4835191
1.7154216
1.909264
1.9116343
1.649658
1.5225358
1.6366695
1.6293089
1.4393377
1.571906
1.618932
1.5764602
1.5899155
1.7835745
1.7737827
2.0318336
2.0954611
2.0324116
1.7509089
1.7966536
1.7532146
1.5929863
1.4274826
1.5292912
1.562168
1.6379075
1.5286947
1.6736878
1.5430572
1.4395337
1.5857898
1.5095372
1.5629761
1.6372114
1.52331
1.6688888
1.6533043
1.4870685
1.5304965
1.5735271
1.5387205
1.5195762
1.4987744
1.4489697
1.5980203
1.6607287
1.6094462
1.6156209
1.6739519
1.8051076
1.8893163
1.9388585
2.1410074
2.0471342
1.9494596
1.9668394
1.5792229
1.5756595
1.50089
1.4345236
1.3511964
1.5609186
1.76064
1.62969
1.616156
1.6534371
1.6300597
1.6810678
1.7892833
1.808329
1.8241879
1.7452463
1.7977362
1.7247267
1.6310165
1.6951997
1.7110116
1.6255051
1.690693
1.7744298
1.8374158
1.5093298
1.539744
1.3129594
1.4828227
1.448303
1.4038955
1.3520526
1.4516274
1.5618286
1.3770576
1.5362749
1.4433582
1.4282862
1.3405509
1.4801563
1.5471514
1.3837463
1.3090013
1.5256535
1.3519167
1.6073698
1.5964959
1.5829107
2.1211882
1.7398154
1.6163968
1.4819579
1.601361
1.6732243
1.8856694
2.0914564
1.7659116
1.6999028
1.6668676
1.4313396
1.8947936
1.8126594
1.6879921
1.7332363
1.419546
1.5727764
1.7574582
1.6896231
1.9160252
1.6892676
1.6284466
1.3892889
1.5691886
1.4428393
1.4273988
1.5221988
1.5060673
1.8677968
1.8156896
1.6212183
1.4342778
1.692169
1.9003915
1.8074883
1.6333992
1.6777785
1.452104
1.4362527
1.8258392
1.9364778
1.5827886
1.5329607
1.9593446
1.7425355
1.4499316
1.4511917
1.4037168
1.4554685
1.5364268
1.6437019
1.8689053
1.5472279
1.7142932
1.5210221
1.5285654
1.5507743
1.688884
1.6962457
1.4625536
1.4539729
1.5969168
1.496334
1.381005
1.2992219
1.2513152
1.5168437
1.9089442
1.6229423
1.5403501
1.4292083
1.7462133
1.554327
1.5940719
1.6335561
1.7227453
1.5309262
1.55701
1.4939041
1.3765154
1.3379794
1.6152581
1.5656661
1.4875695
1.2375278
1.4883091
1.5139322
1.3988584
1.3780748
1.2663857
1.2617803
1.4514163
1.5447764
1.5183915
1.450153
1.4571996
1.4308414
1.6036167
1.5986516
1.4634988
1.5872567
1.6380627
1.4749179
1.4325296
1.4064918
1.4687456
1.4611907
1.3455029
1.2846671
1.2575943
1.3637505
1.753784
1.8033928
1.7014769
1.6450653
1.5609916
1.563426
1.6794525
1.5375854
1.4662998
1.5214341
1.5873859
1.772267
1.6527729
1.5174364
1.5202758
1.4707705
1.4010876
1.3641535
1.5886759
1.4268123
1.5508506
1.3798149
1.4261197
1.4315925
1.6095008
1.5869446
1.3870306
1.6389354
1.4910643
1.6895088
1.6214263
1.4532393
1.7501599
1.599642
1.5968258
1.670464
1.7718835
1.7702075
1.6673927
1.5927478
1.6603605
1.812857
1.8053406
1.650428
1.6113094
1.4714227
1.5301265
1.691867
1.4371614
1.2548552
1.4887036
1.4166276
1.3874743
1.5770265
1.5142945
1.4060026
1.5910302
1.4692416
1.4446827
1.532655
1.5100174
1.5291998
1.4202645
1.7366778
1.5544198
1.6014872
1.6467026
1.6794888
1.7429962
1.656951
1.5591244
1.753227
1.5222025
1.4489597
1.4408389
1.4960632
1.7466278
1.6526402
1.4683567
1.4413376
1.4485112
1.4937584
1.4786184
1.3725679
1.6711907
1.6202004
1.5661051
1.5096196
1.4445686
1.5073539
1.6009045
1.5643644
1.4829302
1.547271
1.4328848
1.2866198
1.0977609
1.2427492
1.2380785
1.3135031
1.3591827
1.3969301
1.4957657
1.5660838
1.5898345
1.7317015
1.7240337
1.5080453
1.4808239
1.4212679
1.3569775
1.2283174
1.4623828
1.465821
1.330352
1.3309127
1.2080336
1.211176
1.1672544
1.3311063
1.4490136
1.362471
1.1632514
1.1718302
1.0985906
1.1766294
1.1969664
1.2051231
1.2880657
1.3260335
1.3292302
1.2975183
1.3647887
1.4389572
1.2266283
1.4140399
1.297698
1.3757246
1.383836
1.3587945
1.3664192
1.5053242
1.4262135
1.2652782
1.2493616
1.2762003
1.2731322
1.3615729
1.2878851
1.2567174
1.3467889
1.4363899
1.3775581
1.4863486
1.438755
1.2828076
1.3142849
1.2157758
1.2722642
1.3424896
1.3440009
1.2666649
1.3068172
1.4546719
1.3571535
1.4296376
1.4491966
1.467452
1.4499402
1.4014096
1.4481202
1.294076
1.2530584
1.3418258
1.3721501
1.1835643
0.99172056
1.047945
1.1419593
1.1348357
1.1770856
1.1064205
1.1970085
1.2263116
1.1643308
1.1338892
1.0885655
1.1590012
1.2286555
1.1930969
1.1237154
1.160296
1.4061902
1.2687298
1.2805982
1.3313437
1.3578072
1.49141
1.3821843
1.5992821
1.454843
1.4534909
1.5276206
1.4984387
1.4168898
1.3762064
1.3870771
1.559509
1.2521459
1.3575978
1.4215685
1.6030458
1.5580347
1.5904608
1.5552837
1.5324364
1.4391335
1.4745247
1.350584
1.3948289
1.502951
1.5688406
1.5814493
1.4906149
1.5601274
1.3465925
1.5382159
1.4148426
1.5811251
1.9562424
1.6494353
1.42179
1.5224181
1.5352688
1.3979306
1.3264037
1.4827927
1.5638053
1.4534917
1.4754137
1.5054246
1.4861791
1.62496
1.520788
1.5729015
1.4348369
1.5187433
1.4725883
1.5944438
1.4094167
1.5153506
1.3623903
1.5432009
1.2429997
1.3067577
1.3449684
1.4139673
1.5073019
1.6545564
1.5204912
1.6419938
1.5171998
1.4233099
1.6483397
1.7271966
1.7682068
1.5967178
1.6036115
1.3384756
1.3668363
1.5711491
1.404645
1.3598759
1.3483585
1.452345
1.3902627
1.6418055
1.639057
1.8258575
1.5934789
1.6276448
1.5841097
1.3852568
1.446892
1.3323871
1.1687121
1.3976904
1.5376025
1.4700398
1.5786628
1.3511992
1.6284316
1.7365305
1.6174198
1.8082132
1.4832848
1.3572257
1.5271293
1.535097
1.477923
1.3387704
1.3005371
1.4735271
1.5049767
1.6719373
1.6544662
1.7561516
1.6193396
1.6754858
1.6927718
1.6698117
1.6437012
1.6676544
1.7710898
1.8686825
1.8948553
1.8488345
1.8939012
1.9086859
2.097496
2.2954412
2.2994685
2.2280762
2.1675892
2.2079685
2.0784926
2.3146787
2.0871732
1.7598283
1.6668553
1.7015158
1.7439414
1.7373129
1.7593431
1.5572511
1.7201954
1.6438869
1.7136965
1.7205238
1.8088171
1.8687458
1.7909237
1.510041
1.5360352
1.5282735
1.6190324
1.6057862
1.6801252
1.7198148
1.8359107
1.6741626
1.6887623
1.5812391
1.66008
1.5980997
1.635851
1.6276898
1.4591721
1.5234532
1.4940513
1.4218066
1.3287952
1.4849973
1.5337733
1.4856008
1.6664013
1.5027709
1.3690382
1.3274873
1.4172666
1.4901069
1.4929265
1.338545
1.2791857
1.4640974
1.6725339
1.5881596
1.6373528
1.5141706
1.4906027
1.3746495
1.3041569
1.3983709
1.3375157
1.2583209
1.244364
1.4662268
1.4048557
1.4247932
1.3298837
1.370442
1.2517575
1.4118497
1.3050638
1.2243288
1.2225121
1.3574187
1.1423435
1.1466748
0.9921963
1.0163746
1.0113124
0.8826187
1.0684297
1.1864198
1.3681676
1.4305271
1.4239843
1.1768439
1.2539401
1.2159219
1.1105933
1.1087861
1.2032771
1.2771877
1.2029314
1.1699402
1.1403989
1.1583722
1.1214924
1.1671246
1.2850705
1.1923177
1.175922
1.0819799
1.0350053
1.1462528
0.9968059
1.0877166
1.0579
1.1008102
1.1374931
1.1140634
1.1205752
0.95530367
0.92483985
1.1501225
1.1240797
1.0933791
1.0618639
1.1245403
1.1957014
1.2076274
1.2071086
1.280925
1.3318646
1.0121274
1.0705469
1.1249653
1.0798103
1.0380292
1.1780934
1.2431732
1.1972846
1.5587162
1.3912559
1.0591433
1.0282791
1.0094268
1.0801739
1.2857642
1.0775094
1.2021967
1.2809509
1.4410998
1.2999623
1.1896259
1.3785661
1.3975631
1.326373
1.2373056
1.140953
1.1902757
1.2693942
1.3606195
1.4288045
1.222874
1.3354985
1.3531364
1.2569884
1.0235212
1.0693189
1.4317596
1.3610996
1.4205984
1.3156301
1.2721018
1.0774841
1.2879448
1.2571886
1.2759452
1.3037779
1.2788198
1.2765348
1.1345899
1.2238067
1.4299012
1.3657687
1.3092426
1.3017306
1.2459688
1.1842728
1.3875275
1.2688243
1.6025801
1.1633252
1.2470013
0.9566605
1.0853448
1.1271908
1.2958001
1.3544631
1.115964
1.2047968
1.2876283
1.2455734
1.2578391
1.2672685
1.1957079
1.2214444
1.1869059
1.107687
1.2182182
1.5837549
1.4001516
1.1463435
1.0286256
1.2726173
1.1741542
1.4384671
1.0403144
1.2230511
1.1593285
1.1788484
1.2856356
1.2263498
1.1761928
1.1627873
1.0257392
1.2376482
1.0109113
1.0730038
1.2683634
1.2191133
1.0312579
0.9735965
1.1974324
1.2459345
1.1079172
1.2484603
1.0630786
1.1533945
1.1587245
1.0633576
1.316324
1.3315403
1.4458603
1.4118536
1.3831435
1.3035197
1.4008185
1.3384576
1.1099832
1.1370478
1.1248358
